1004153.3
1005563.3
1005566.3
1033813.3
1126888.3
1126891.3
1126893.3
1126901.3
1126907.3
1126908.3
1126909.3
1126911.3
1126921.3
1126922.3
1126924.3
1126932.3
1126934.3
1126936.3
1126937.4
1144302.3
1163386.3
1169316.3
1169317.3
1169325.3
1169326.3
1169327.3
1169328.3
1169334.3
1169335.3
1169336.3
1169337.3
1169338.3
1169341.3
1169342.3
1169344.3
1169346.3
1169347.3
1169356.3
1169360.3
1169362.3
1169364.3
1169366.3
1169368.3
1169370.3
1169371.3
1169372.3
1169374.3
1169375.3
1169377.3
1169381.3
1169384.3
1169385.3
1169386.3
1169387.3
1169389.3
1169390.3
1169391.3
1169392.3
1169393.3
1169394.3
1169395.3
1169398.3
1169399.3
1169400.3
1169401.3
1169403.3
1169404.3
1181724.3
1181725.3
1181726.3
1181728.3
1181729.3
1181731.3
1181732.3
1181733.3
1181734.3
1181735.3
1181737.3
1181738.3
1181740.3
1181741.3
1181747.3
1181751.3
1181752.3
1181753.3
1181755.3
1181757.3
1181760.3
1181761.3
1181762.3
1181763.3
1181764.3
1181765.3
1181766.3
1181769.3
1181770.3
1181772.3
1181773.3
1181775.3
1181776.3
1181782.3
1182653.3
1182654.3
1182656.3
1182660.3
1182662.3
1182664.3
1182665.3
1182666.3
1182667.3
1182669.3
1182670.3
1182672.3
1182674.3
1182679.3
1182690.3
1182691.3
1182692.3
1182693.3
1182696.3
1182709.3
1182712.3
1182713.3
1182721.3
1182734.3
1182735.3
1182736.3
1206108.3
1235805.3
1258567.3
1258580.3
1263075.3
1268980.3
1268981.3
1268983.3
1268984.3
1268988.3
1268990.3
1268991.3
1268994.3
1269001.3
1269002.3
1269004.3
1269005.3
1269008.3
1269009.3
1269010.3
1280956.3
1280957.3
1280958.3
1280959.3
1280960.3
1280962.3
1280963.3
1280965.3
1280966.3
1280967.3
1280968.3
1280970.3
1280971.3
1280972.3
1280974.3
1280975.3
1280977.3
1280978.3
1280979.3
1280981.3
1280982.3
1280983.3
1280985.3
1280987.3
1280988.3
1280989.3
1280990.3
1280992.3
1280996.3
1280997.3
1280999.3
1281002.3
1281003.3
1281004.3
1281005.3
1281006.3
1281009.3
1281011.3
1281012.3
1281013.3
1281014.3
1281015.3
1281016.3
1281018.3
1281020.3
1281021.3
1281023.3
1281026.3
1281027.3
1281029.3
1281031.3
1281032.3
1281036.3
1281038.3
1281039.3
1281040.3
1281043.3
1281044.3
1281045.3
1281047.3
1281048.3
1281050.3
1281053.3
1281054.3
1281055.3
1281057.3
1281060.3
1281061.3
1281062.3
1281063.3
1281065.3
1281070.3
1281071.3
1281074.3
1281075.3
1281076.3
1281077.3
1281079.3
1281081.3
1281082.3
1281086.3
1281087.3
1281089.3
1281090.3
1281091.3
1281092.3
1281093.3
1281094.3
1281095.3
1281099.3
1281100.3
1281101.3
1281102.3
1281104.3
1281105.3
1281106.3
1281107.3
1281108.3
1281111.3
1281112.3
1281113.3
1281117.3
1281118.3
1281119.3
1281120.3
1281121.3
1281123.3
1281124.3
1281125.3
1281126.3
1281128.3
1281129.3
1281130.3
1281131.3
1281132.3
1281134.3
1281137.3
1281138.3
1281139.3
1281140.3
1281141.3
1281143.3
1281144.3
1281145.3
1281146.3
1281148.3
1281150.3
1281151.3
1281152.3
1281155.3
1281156.3
1281157.3
1281160.3
1281161.3
1281162.3
1281163.3
1281164.3
1281167.3
1281173.3
1281174.3
1281176.3
1281178.3
1281180.3
1281181.3
1281182.3
1281183.3
1281184.3
1281185.3
1281186.3
1281187.3
1281190.3
1281195.3
1281196.3
1281197.3
1281198.3
1281199.3
1281200.3
1281202.3
1281203.3
1281205.3
1281207.3
1281209.3
1281211.3
1281215.3
1281216.3
1281217.3
1281219.3
1281220.3
1281221.3
1281222.3
1281223.3
1281224.3
1281225.3
1281226.3
1281228.3
1281230.3
1281231.3
1281232.3
1281234.3
1281236.3
1281244.3
1281245.3
1281246.3
1281248.3
1281249.3
1281250.3
1281251.3
1281252.3
1281255.3
1281256.3
1281257.3
1281258.3
1281259.3
1281262.3
1281263.3
1281264.3
1281265.3
1281266.3
1281267.3
1281268.3
1281271.3
1281272.3
1281274.3
1281276.3
1281277.3
1281278.3
1281279.3
1286330.3
1286331.3
1286332.3
1286340.3
1286341.3
1286342.3
1286350.3
1286350.4
1286351.3
1286352.3
1286353.3
1286354.3
1308981.3
1308983.3
1314835.3
1322345.19
1322345.3
1322345.39
1328435.3
1329907.3
1336205.3
1336206.3
1355100.3
1355101.3
1382700.12
1389417.3
1389418.3
1389423.3
1389424.3
1392869.4
1392869.6
1392869.7
1400159.3
1401688.5
1401689.3
1409786.4
1409953.3
1412824.3
1431454.3
1432549.3
1432551.3
1438684.3
1438685.3
1438690.3
1444055.3
1444061.3
1444073.3
1444100.3
1444131.3
1444144.3
1444145.3
1444159.3
1444173.3
1444189.3
1444197.3
1444198.3
1444202.3
1444214.3
1444220.3
1444228.3
1444236.3
1444242.3
1444250.3
1444258.3
1444265.3
1444271.3
1446761.3
1446762.3
1450430.3
1450432.3
1450433.3
1455598.3
1455599.3
1455600.3
1502658.3
168807.6
168807.7
199310.237
199310.4
2067421.3
2067421.5
2079157.3
2126982.6
2491878.3
2582420.3
2697517.3
2763104.3
2848143.3
2848145.3
316435.29
316435.3
316435.58
316435.66
340197.5
362663.9
364106.45
364106.46
364106.8
405955.13
405955.73
431946.3
439184.6
439184.7
469598.5
525281.3
550673.4
550680.3
562.100001
562.100002
562.100003
562.100006
562.100008
562.100011
562.100012
562.100013
562.100015
562.100017
562.100018
562.100019
562.100023
562.100024
562.100026
562.100028
562.100029
562.100032
562.100035
562.100036
562.100037
562.100041
562.100042
562.100044
562.100047
562.100051
562.100053
562.100054
562.100056
562.100057
562.100058
562.10006
562.100062
562.100064
562.100066
562.100068
562.10007
562.100071
562.100074
562.100078
562.100079
562.10008
562.100081
562.100084
562.100085
562.100087
562.100089
562.10009
562.100091
562.100092
562.100093
562.100094
562.100096
562.100097
562.100099
562.100101
562.100102
562.100103
562.100105
562.100106
562.100111
562.100113
562.100114
562.100116
562.100117
562.100119
562.100121
562.100124
562.100125
562.100126
562.100127
562.100128
562.100129
562.100131
562.100132
562.100133
562.100134
562.100135
562.100136
562.100137
562.100139
562.100141
562.100142
562.100145
562.100146
562.100147
562.100148
562.100151
562.100152
562.100153
562.100155
562.100157
562.100159
562.100161
562.100162
562.100163
562.100164
562.100165
562.100166
562.100171
562.100172
562.100175
562.100176
562.100177
562.100181
562.100182
562.100183
562.100184
562.100186
562.100187
562.100188
562.100191
562.100192
562.100193
562.100194
562.100195
562.100197
562.100198
562.100199
562.100203
562.100205
562.100206
562.100207
562.100209
562.10021
562.100213
562.100214
562.100215
562.100216
562.100217
562.100218
562.100219
562.100221
562.100224
562.100225
562.100226
562.100227
562.100228
562.10023
562.100231
562.100235
562.100236
562.100237
562.100238
562.100239
562.10024
562.100241
562.100243
562.100244
562.100246
562.100247
562.100248
562.10025
562.100251
562.100254
562.100255
562.100256
562.100257
562.100258
562.100259
562.100261
562.100262
562.100264
562.100267
562.100268
562.10027
562.100271
562.100272
562.100274
562.100275
562.100276
562.100277
562.100278
562.100279
562.10028
562.100281
562.100282
562.100283
562.100284
562.100287
562.100288
562.10029
562.100291
562.100292
562.100294
562.100295
562.100296
562.100297
562.100298
562.100299
562.100301
562.100302
562.100303
562.100305
562.100306
562.100307
562.100308
562.10031
562.100311
562.100312
562.100314
562.100315
562.100318
562.100319
562.10032
562.100322
562.100325
562.100326
562.100329
562.100331
562.100332
562.100333
562.100336
562.100338
562.100339
562.100341
562.100342
562.100343
562.100346
562.100347
562.100351
562.100358
562.100359
562.10036
562.100361
562.100362
562.100363
562.100365
562.100366
562.100367
562.100368
562.10037
562.100371
562.100372
562.100373
562.100375
562.100376
562.100377
562.100378
562.100379
562.10038
562.100381
562.100382
562.100383
562.100386
562.100387
562.100388
562.100389
562.10039
562.100391
562.100392
562.100396
562.100398
562.100399
562.100401
562.100402
562.100403
562.100404
562.100405
562.100406
562.100407
562.100408
562.10041
562.100413
562.100414
562.100415
562.100417
562.100418
562.100419
562.10042
562.100421
562.100422
562.100423
562.100425
562.100426
562.100427
562.100428
562.100429
562.10043
562.100431
562.100434
562.100436
562.10044
562.100441
562.100443
562.100445
562.100447
562.100448
562.100449
562.10045
562.100451
562.100454
562.100455
562.100456
562.100457
562.100458
562.100459
562.100461
562.100463
562.100464
562.100465
562.100466
562.100467
562.100468
562.100469
562.10047
562.100471
562.100473
562.100475
562.100476
562.100477
562.100483
562.100486
562.100487
562.100488
562.10049
562.100491
562.100494
562.100496
562.100497
562.100498
562.100499
562.100501
562.100505
562.10051
562.100512
562.100513
562.100517
562.100518
562.100519
562.10052
562.100522
562.100524
562.100526
562.100527
562.100528
562.100529
562.100533
562.100535
562.100536
562.100537
562.100538
562.100539
562.10054
562.100541
562.100542
562.100548
562.100549
562.10055
562.100551
562.100552
562.100553
562.100554
562.100555
562.100557
562.100562
562.100563
562.100565
562.100566
562.100569
562.100571
562.100572
562.100573
562.100575
562.100576
562.100577
562.100578
562.100579
562.100581
562.100582
562.100583
562.100584
562.100585
562.100586
562.100587
562.100588
562.100589
562.10059
562.100591
562.100593
562.100594
562.100595
562.100596
562.100597
562.100598
562.100599
562.100601
562.100602
562.100604
562.100605
562.100606
562.100607
562.100608
562.100609
562.10061
562.100611
562.100617
562.100619
562.10062
562.100621
562.100622
562.100623
562.100624
562.100627
562.100629
562.10063
562.100631
562.100632
562.100633
562.100634
562.100635
562.100636
562.100637
562.100638
562.100639
562.10064
562.100641
562.100642
562.100645
562.100647
562.100648
562.100649
562.100652
562.100653
562.100654
562.100657
562.100658
562.100659
562.10066
562.100665
562.100666
562.100667
562.100668
562.10067
562.100673
562.100676
562.100677
562.100678
562.10068
562.100684
562.100685
562.100687
562.100688
562.10069
562.100691
562.100692
562.100696
562.100699
562.100701
562.100702
562.100704
562.100707
562.100708
562.100709
562.100711
562.100712
562.100715
562.100716
562.100717
562.100718
562.100719
562.10072
562.100722
562.100723
562.100725
562.100726
562.100727
562.100729
562.10073
562.100731
562.100732
562.100733
562.100735
562.100736
562.100737
562.100739
562.10074
562.100741
562.100742
562.100743
562.100745
562.100747
562.100748
562.100749
562.10075
562.100751
562.100753
562.100754
562.100755
562.100756
562.100757
562.100759
562.10076
562.100761
562.100763
562.100764
562.100765
562.100766
562.100767
562.100769
562.100771
562.100776
562.100777
562.100779
562.10078
562.100781
562.100782
562.100784
562.100785
562.100787
562.100788
562.100789
562.100791
562.100792
562.100793
562.100794
562.100796
562.100797
562.100798
562.100799
562.100801
562.100802
562.100803
562.100804
562.100805
562.100807
562.100808
562.10081
562.100812
562.100813
562.100814
562.100815
562.100816
562.10082
562.100822
562.100823
562.100824
562.100825
562.100827
562.100828
562.100829
562.100832
562.100833
562.100834
562.100835
562.100838
562.100839
562.100841
562.100843
562.100845
562.100847
562.100849
562.100851
562.100853
562.100854
562.100855
562.100862
562.100863
562.100865
562.100866
562.100867
562.100869
562.100871
562.100873
562.100874
562.100875
562.100878
562.100879
562.100881
562.100882
562.100883
562.100885
562.100886
562.100887
562.100888
562.100891
562.100894
562.100895
562.100896
562.100897
562.100901
562.100903
562.100905
562.100906
562.100908
562.100911
562.100914
562.100915
562.100917
562.100918
562.100919
562.100921
562.100922
562.100923
562.100925
562.100927
562.100931
562.100932
562.100933
562.100934
562.100935
562.100936
562.100938
562.100939
562.100941
562.100942
562.100943
562.100945
562.100948
562.100949
562.100952
562.100954
562.100955
562.100956
562.100958
562.100964
562.100965
562.101324
562.101325
562.101327
562.101329
562.101332
562.101334
562.101335
562.101336
562.101341
562.101342
562.101343
562.101345
562.101347
562.101351
562.101352
562.101353
562.101354
562.101357
562.101359
562.101362
562.101366
562.101367
562.101368
562.101371
562.101372
562.101373
562.101374
562.101375
562.101376
562.101379
562.101381
562.101386
562.101387
562.101389
562.101391
562.101395
562.101397
562.101398
562.101399
562.101408
562.101411
562.101413
562.101414
562.101418
562.101419
562.101421
562.101422
562.101423
562.101425
562.101426
562.101429
562.101431
562.101432
562.101433
562.101434
562.101435
562.101436
562.101437
562.101439
562.101441
562.101442
562.101444
562.101445
562.101446
562.101447
562.101448
562.101452
562.101456
562.101457
562.101458
562.101459
562.101464
562.101466
562.101467
562.101471
562.101472
562.101473
562.101477
562.101478
562.101479
562.101481
562.101482
562.101483
562.101484
562.101485
562.101486
562.101488
562.101489
562.101493
562.101495
562.101496
562.101497
562.101501
562.101503
562.101504
562.101506
562.101508
562.101511
562.101512
562.101513
562.101514
562.101515
562.101516
562.101517
562.101518
562.101519
562.101521
562.101522
562.101523
562.101525
562.101527
562.101528
562.101533
562.101534
562.101536
562.101538
562.101539
562.101541
562.101543
562.101544
562.101546
562.101547
562.101551
562.101552
562.101557
562.101634
562.101635
562.101636
562.101637
562.101641
562.101644
562.101646
562.101647
562.101652
562.101653
562.101654
562.101655
562.101656
562.101657
562.101658
562.101663
562.101665
562.101666
562.101667
562.101674
562.101959
562.101979
562.101982
562.101988
562.101989
562.101991
562.101995
562.102015
562.102029
562.102107
562.102108
562.102109
562.102111
562.102113
562.102116
562.102123
562.102126
562.102128
562.102129
562.102143
562.102159
562.102177
562.102178
562.102179
562.102181
562.102183
562.102184
562.102187
562.102188
562.102189
562.102191
562.102192
562.102194
562.102195
562.102199
562.102204
562.102208
562.102211
562.102213
562.102215
562.102216
562.102217
562.102219
562.102224
562.102225
562.102228
562.102229
562.102231
562.102252
562.102255
562.102256
562.102257
562.102258
562.102259
562.102261
562.102262
562.102263
562.102264
562.102265
562.102266
562.102267
562.102268
562.102334
562.102338
562.102339
562.102342
562.102346
562.102353
562.102359
562.102362
562.102546
562.102547
562.102683
562.102684
562.102685
562.102686
562.102687
562.102792
562.102794
562.102801
562.102803
562.102804
562.102805
562.102807
562.102811
562.102818
562.102826
562.102827
562.102829
562.102834
562.102861
562.102862
562.102863
562.102864
562.102865
562.102866
562.102867
562.102868
562.102871
562.102872
562.102873
562.102875
562.102876
562.102878
562.102879
562.103957
562.103976
562.104039
562.104041
562.104042
562.104043
562.104044
562.104045
562.104046
562.104146
562.104196
562.104197
562.104199
562.104202
562.104203
562.104204
562.104206
562.104207
562.104208
562.104209
562.104211
562.104215
562.104216
562.104217
562.104218
562.104219
562.104222
562.104223
562.104224
562.104225
562.104226
562.104228
562.104229
562.104267
562.104268
562.104273
562.104275
562.104276
562.104282
562.104283
562.104284
562.104287
562.104288
562.104289
562.104291
562.104292
562.104293
562.104294
562.104295
562.104296
562.104297
562.104298
562.104299
562.104301
562.104303
562.104304
562.104305
562.104306
562.104307
562.104308
562.104309
562.104312
562.104313
562.104316
562.104317
562.104318
562.104319
562.104322
562.104324
562.104325
562.104326
562.104327
562.104328
562.104329
562.104331
562.104332
562.104333
562.104336
562.104338
562.104339
562.104345
562.104346
562.10473
562.10502
562.10503
562.10504
562.10505
562.10506
562.10507
562.10508
562.10509
562.10511
562.10512
562.10513
562.10514
562.10515
562.10516
562.10517
562.10519
562.10521
562.10522
562.10524
562.10525
562.106085
562.106086
562.106087
562.106088
562.106089
562.106092
562.106093
562.106105
562.106106
562.106107
562.106108
562.106111
562.106114
562.106115
562.106116
562.106117
562.106127
562.106177
562.106211
562.106212
562.106213
562.106224
562.106229
562.106233
562.106235
562.106237
562.106241
562.106243
562.106245
562.106246
562.106248
562.106251
562.106254
562.106255
562.106257
562.106258
562.106259
562.106261
562.106266
562.106269
562.106271
562.106273
562.106274
562.106277
562.106278
562.106281
562.106284
562.106285
562.106287
562.106294
562.106295
562.106305
562.106306
562.106312
562.106315
562.107102
562.107142
562.107155
562.107156
562.107157
562.107195
562.107196
562.107237
562.107253
562.107254
562.107256
562.107257
562.107261
562.107263
562.107264
562.107265
562.107267
562.107268
562.107271
562.107272
562.107274
562.107275
562.107279
562.107282
562.107307
562.107308
562.107356
562.107397
562.107398
562.107412
562.107432
562.107497
562.107503
562.107507
562.107513
562.107523
562.107531
562.107572
562.107573
562.107575
562.107576
562.107577
562.107578
562.107579
562.107633
562.107639
562.107668
562.107669
562.107688
562.107691
562.107695
562.107699
562.107703
562.107705
562.107707
562.107708
562.107709
562.107711
562.107712
562.107713
562.107714
562.107715
562.107716
562.107717
562.107718
562.107719
562.107721
562.107722
562.107723
562.107724
562.107725
562.107726
562.107727
562.107728
562.107729
562.10834
562.10835
562.10836
562.10837
562.10838
562.10839
562.108431
562.108432
562.108435
562.108437
562.108438
562.108446
562.108449
562.108451
562.108453
562.108459
562.108487
562.108488
562.108493
562.108494
562.108511
562.108512
562.108513
562.108514
562.108515
562.108519
562.108521
562.108529
562.10853
562.10854
562.10857
562.10858
562.108631
562.108633
562.10865
562.108657
562.108658
562.108659
562.108661
562.108662
562.108663
562.108665
562.10867
562.108703
562.108802
562.108804
562.108805
562.108806
562.108812
562.10884
562.10885
562.10887
562.10891
562.10892
562.108963
562.108964
562.109768
562.109791
562.109817
562.109824
562.109825
562.109826
562.109827
562.109828
562.109829
562.109863
562.109864
562.109871
562.109873
562.109874
562.109875
562.109876
562.109878
562.109891
562.109897
562.109904
562.109946
562.109964
562.109987
562.110012
562.110557
562.110564
562.110575
562.110588
562.110603
562.110619
562.110627
562.110632
562.110633
562.110636
562.110642
562.110647
562.110648
562.110649
562.110657
562.110668
562.110672
562.110675
562.110676
562.110677
562.110678
562.110681
562.110682
562.110683
562.110684
562.110685
562.110689
562.110691
562.110692
562.110693
562.110696
562.110697
562.110699
562.110702
562.110704
562.110705
562.110706
562.110711
562.110712
562.110714
562.110715
562.110719
562.110729
562.110734
562.110735
562.110737
562.110781
562.110816
562.110849
562.110885
562.110886
562.110887
562.110888
562.110889
562.110891
562.110892
562.110893
562.110894
562.110895
562.110896
562.110897
562.110898
562.110899
562.110901
562.110902
562.110903
562.110904
562.110905
562.110906
562.110907
562.110908
562.110909
562.110911
562.110912
562.110913
562.110914
562.110915
562.110916
562.110917
562.110918
562.110919
562.110921
562.110922
562.110923
562.110924
562.110925
562.110926
562.110927
562.110928
562.110929
562.110931
562.110932
562.110933
562.110934
562.110935
562.110936
562.110937
562.110938
562.110939
562.110941
562.110942
562.110943
562.110944
562.110945
562.110946
562.110947
562.110948
562.110949
562.110951
562.110952
562.110953
562.110954
562.110955
562.110956
562.110957
562.110958
562.110959
562.110961
562.110962
562.110963
562.110964
562.110965
562.110966
562.110967
562.110968
562.110969
562.110972
562.110973
562.110975
562.110976
562.110977
562.110984
562.110985
562.110986
562.110987
562.110988
562.110989
562.111038
562.111046
562.111047
562.111048
562.111051
562.111053
562.111066
562.111069
562.111079
562.111085
562.111119
562.111136
562.111187
562.111198
562.111204
562.111205
562.111206
562.111208
562.111213
562.111214
562.111215
562.111216
562.111219
562.111221
562.111222
562.111223
562.111225
562.111226
562.111229
562.111231
562.111232
562.111238
562.111239
562.111241
562.111243
562.111244
562.111245
562.111247
562.111248
562.111251
562.111264
562.111268
562.111273
562.111278
562.111279
562.111282
562.111297
562.112333
562.112336
562.112394
562.112502
562.112504
562.112524
562.112529
562.112533
562.112554
562.112555
562.112564
562.112567
562.112571
562.112572
562.112649
562.112651
562.112652
562.112653
562.112654
562.112656
562.112662
562.112666
562.11318
562.11322
562.11326
562.11327
562.11334
562.11337
562.11338
562.11346
562.11458
562.11471
562.11472
562.11473
562.11476
562.11477
562.11478
562.11482
562.11495
562.11496
562.11539
562.11541
562.11542
562.11543
562.11544
562.11545
562.11546
562.11555
562.12839
562.12951
562.13503
562.13504
562.13505
562.13506
562.13507
562.13508
562.13509
562.13511
562.13512
562.13513
562.13514
562.13515
562.13516
562.13517
562.13518
562.13519
562.13521
562.13522
562.13523
562.13524
562.13525
562.13526
562.13741
562.13904
562.13968
562.15133
562.15136
562.15138
562.15139
562.15143
562.15144
562.15147
562.15157
562.15166
562.15168
562.15171
562.15176
562.15178
562.15184
562.15193
562.15197
562.15199
562.15203
562.15204
562.15206
562.15208
562.15209
562.15287
562.15304
562.15456
562.15457
562.15458
562.15462
562.15464
562.15465
562.15466
562.15467
562.15469
562.16296
562.16297
562.16298
562.16299
562.16301
562.16302
562.16303
562.16304
562.16305
562.16306
562.16307
562.16308
562.16309
562.16311
562.16312
562.16313
562.16314
562.16315
562.16316
562.16317
562.16318
562.16319
562.16332
562.16333
562.16334
562.16335
562.16337
562.16338
562.16339
562.16342
562.16345
562.16346
562.16347
562.16348
562.16351
562.16352
562.16353
562.16354
562.16355
562.16356
562.16357
562.16361
562.16365
562.16366
562.16412
562.16428
562.16455
562.16467
562.16481
562.16484
562.16485
562.16488
562.16489
562.16492
562.17274
562.17275
562.17278
562.17305
562.17315
562.17354
562.17363
562.17364
562.17365
562.17417
562.17419
562.17421
562.17422
562.17423
562.17424
562.17425
562.17426
562.17427
562.17428
562.17429
562.17431
562.17433
562.17434
562.17435
562.17437
562.17441
562.17442
562.17443
562.17444
562.17445
562.17446
562.17451
562.17454
562.17455
562.17544
562.17545
562.17548
562.17549
562.17551
562.17552
562.17555
562.17556
562.17558
562.17559
562.17561
562.17622
562.17736
562.17758
562.18774
562.18804
562.18824
562.18825
562.18827
562.18842
562.18851
562.18861
562.18866
562.18867
562.18871
562.18883
562.18905
562.18907
562.18926
562.18932
562.18943
562.18951
562.18954
562.18962
562.18965
562.18969
562.18985
562.19006
562.19007
562.19009
562.19022
562.19023
562.19024
562.19025
562.19026
562.19027
562.19028
562.19029
562.19031
562.19032
562.19033
562.19034
562.19035
562.19036
562.19037
562.19038
562.19039
562.19042
562.19043
562.19045
562.19046
562.19047
562.19048
562.19049
562.19051
562.19052
562.19053
562.19054
562.19055
562.19056
562.19057
562.19058
562.19059
562.19063
562.19064
562.19065
562.19066
562.19067
562.19069
562.19071
562.19073
562.19074
562.19076
562.19077
562.19079
562.19081
562.19082
562.19084
562.19085
562.19086
562.19106
562.19107
562.19108
562.19113
562.19114
562.19115
562.19116
562.19152
562.19157
562.19158
562.19203
562.19206
562.19473
562.19484
562.19533
562.19536
562.19542
562.19543
562.19547
562.19558
562.19561
562.19563
562.19635
562.20508
562.20523
562.20524
562.20525
562.20528
562.20529
562.20531
562.20533
562.20534
562.20535
562.20539
562.20541
562.20545
562.20568
562.20571
562.20576
562.20579
562.20582
562.20583
562.20584
562.20585
562.20586
562.20588
562.20589
562.20591
562.20754
562.20755
562.20758
562.20762
562.20765
562.20768
562.20771
562.20775
562.20784
562.20792
562.20793
562.20805
562.20811
562.20839
562.20855
562.20864
562.20871
562.20902
562.20916
562.20938
562.20943
562.20949
562.20951
562.20952
562.20954
562.20956
562.20957
562.20961
562.20963
562.20964
562.20966
562.20973
562.20974
562.20976
562.20977
562.20978
562.20979
562.20982
562.20983
562.20984
562.20985
562.20986
562.20987
562.20989
562.20994
562.20996
562.20999
562.21003
562.21006
562.21007
562.21032
562.21033
562.21054
562.21082
562.21083
562.21084
562.21106
562.21109
562.21125
562.21139
562.21141
562.21152
562.21157
562.21167
562.21168
562.21202
562.21203
562.21224
562.21231
562.21238
562.21241
562.21242
562.21262
562.21317
562.21336
562.21374
562.21394
562.21396
562.21397
562.21409
562.21427
562.21431
562.21432
562.21461
562.21462
562.21463
562.21492
562.21493
562.21504
562.21511
562.21521
562.21522
562.21538
562.21542
562.21543
562.21553
562.21566
562.21576
562.21578
562.21591
562.21593
562.21606
562.21608
562.21609
562.21612
562.21614
562.21619
562.21622
562.21629
562.21631
562.21647
562.21661
562.21673
562.21675
562.21679
562.21683
562.21684
562.21685
562.21695
562.21703
562.21704
562.21814
562.21825
562.21832
562.21842
562.21844
562.21845
562.21881
562.21892
562.21893
562.21894
562.21896
562.21955
562.21963
562.21965
562.21974
562.21981
562.21998
562.22004
562.22009
562.22015
562.22019
562.22034
562.22042
562.22056
562.22069
562.22071
562.22078
562.22079
562.22087
562.22093
562.22094
562.22095
562.22096
562.22107
562.22111
562.22146
562.22147
562.22151
562.22152
562.22153
562.22155
562.22158
562.22162
562.22163
562.22173
562.22194
562.22198
562.22205
562.22212
562.22213
562.22215
562.22218
562.22222
562.22224
562.22225
562.22231
562.22235
562.22241
562.22244
562.22251
562.22267
562.22278
562.22303
562.22314
562.22318
562.22321
562.22324
562.22337
562.22338
562.22339
562.22343
562.22346
562.22351
562.22352
562.22428
562.22432
562.22433
562.22437
562.22438
562.22439
562.22441
562.22442
562.22443
562.22444
562.22445
562.22446
562.22447
562.22448
562.22451
562.22454
562.22455
562.22456
562.22463
562.22465
562.22467
562.22468
562.22469
562.22472
562.22474
562.22475
562.22477
562.22478
562.22479
562.22483
562.22487
562.22488
562.22489
562.22491
562.22492
562.22493
562.22494
562.22497
562.22499
562.22502
562.22504
562.22505
562.22506
562.22509
562.22512
562.22513
562.22514
562.22517
562.22518
562.22519
562.22523
562.22524
562.22525
562.22526
562.22528
562.22532
562.22533
562.22534
562.22535
562.22536
562.22537
562.22538
562.22539
562.22541
562.22543
562.22545
562.22551
562.22552
562.22553
562.22555
562.22557
562.22558
562.22559
562.22561
562.22563
562.22564
562.22565
562.22566
562.22568
562.22569
562.22571
562.22572
562.22573
562.22574
562.22575
562.22576
562.22577
562.22579
562.22581
562.22582
562.22584
562.22585
562.22587
562.22588
562.22589
562.22592
562.22593
562.22594
562.22595
562.22596
562.22597
562.22598
562.22599
562.22601
562.22603
562.22604
562.22605
562.22606
562.22609
562.22611
562.22612
562.22613
562.22615
562.22616
562.22617
562.22621
562.22622
562.22623
562.22624
562.22625
562.22626
562.22627
562.22629
562.22631
562.22632
562.22634
562.22635
562.22637
562.22638
562.22641
562.22642
562.22644
562.22645
562.22646
562.22647
562.22648
562.22649
562.22654
562.22655
562.22656
562.22657
562.22658
562.22661
562.22663
562.22664
562.22665
562.22667
562.22668
562.22669
562.22671
562.22673
562.22674
562.22675
562.22678
562.22681
562.22682
562.22683
562.22684
562.22685
562.22686
562.22689
562.22691
562.22694
562.22696
562.22697
562.22698
562.22699
562.22702
562.22703
562.22704
562.22705
562.22706
562.22709
562.22711
562.22712
562.22714
562.22715
562.22716
562.22717
562.22718
562.22719
562.22721
562.22723
562.22725
562.22726
562.22727
562.22728
562.22729
562.22731
562.22732
562.22733
562.22736
562.22738
562.22739
562.22742
562.22743
562.22744
562.22745
562.22748
562.22752
562.22753
562.22754
562.22755
562.22756
562.22759
562.22761
562.22762
562.22766
562.22767
562.22768
562.22769
562.22771
562.22773
562.22774
562.22776
562.22777
562.22778
562.22781
562.22782
562.22783
562.22784
562.22787
562.22788
562.22789
562.22791
562.22793
562.22794
562.22795
562.22796
562.22797
562.22798
562.22799
562.22801
562.22803
562.22804
562.22805
562.22806
562.22808
562.22811
562.22812
562.22813
562.22814
562.22815
562.22816
562.22817
562.22818
562.22819
562.2282
562.22821
562.22822
562.22823
562.22824
562.22825
562.22826
562.22827
562.22828
562.22829
562.2283
562.22831
562.22832
562.22833
562.22836
562.22837
562.22838
562.22839
562.2284
562.22841
562.22842
562.22844
562.22845
562.22846
562.22848
562.22849
562.2285
562.22851
562.22852
562.22853
562.22855
562.22856
562.22857
562.22859
562.2286
562.22861
562.22863
562.22864
562.22866
562.22868
562.22871
562.22872
562.22873
562.22876
562.22877
562.22878
562.22882
562.22883
562.22884
562.22888
562.22889
562.22891
562.22892
562.22893
562.22894
562.22896
562.22898
562.22899
562.22901
562.22904
562.22905
562.22906
562.22907
562.22911
562.22912
562.22914
562.22915
562.22916
562.22917
562.22919
562.22922
562.22924
562.22925
562.22926
562.22928
562.22931
562.22932
562.22935
562.22938
562.22939
562.22941
562.22943
562.22944
562.22945
562.22946
562.22947
562.22948
562.22949
562.22952
562.22953
562.22957
562.22958
562.22959
562.22961
562.22964
562.22965
562.22967
562.22968
562.22969
562.22973
562.22974
562.22975
562.22977
562.22978
562.22979
562.22981
562.22983
562.22984
562.22986
562.22987
562.22993
562.22994
562.22995
562.22998
562.23001
562.23002
562.23003
562.23007
562.23008
562.23009
562.23011
562.23015
562.23016
562.23018
562.23019
562.23022
562.23023
562.23025
562.23026
562.23027
562.23028
562.23032
562.23033
562.23034
562.23035
562.23036
562.23037
562.23038
562.23039
562.23041
562.23043
562.23045
562.23048
562.23051
562.23053
562.23056
562.23059
562.23061
562.23062
562.23065
562.23066
562.23068
562.23069
562.23071
562.23072
562.23073
562.23074
562.23075
562.23077
562.23081
562.23082
562.23083
562.23084
562.23085
562.23086
562.23087
562.23089
562.23091
562.23093
562.23094
562.23095
562.23096
562.23097
562.23099
562.23102
562.23103
562.23104
562.23105
562.23106
562.23107
562.23108
562.23109
562.23111
562.23112
562.23113
562.23114
562.23115
562.23118
562.23119
562.23121
562.23122
562.23123
562.23124
562.23127
562.23128
562.23136
562.23137
562.23139
562.23142
562.23143
562.23144
562.23146
562.23147
562.23148
562.23151
562.23152
562.23154
562.23155
562.23156
562.23159
562.23161
562.23162
562.23167
562.23168
562.23169
562.23172
562.23174
562.23175
562.23179
562.23181
562.23182
562.23183
562.23184
562.23185
562.23187
562.23188
562.23189
562.23191
562.23192
562.23193
562.23194
562.23195
562.23196
562.23197
562.23198
562.23199
562.23201
562.23202
562.23203
562.23204
562.23207
562.23208
562.23209
562.23211
562.23212
562.23213
562.23214
562.23215
562.23217
562.23218
562.23219
562.23222
562.23223
562.23224
562.23225
562.23226
562.23227
562.23228
562.23229
562.23231
562.23234
562.23235
562.23236
562.23237
562.23238
562.23239
562.23241
562.23242
562.23243
562.23244
562.23247
562.23248
562.23249
562.23251
562.23253
562.23257
562.23259
562.23261
562.23262
562.23263
562.23266
562.23267
562.23268
562.23269
562.23271
562.23273
562.23274
562.23275
562.23276
562.23277
562.23282
562.23283
562.23284
562.23285
562.23289
562.23291
562.23292
562.23293
562.23294
562.23295
562.23296
562.23297
562.23299
562.23301
562.23303
562.23304
562.23305
562.23306
562.23307
562.23308
562.23309
562.23311
562.23312
562.23313
562.23315
562.23316
562.23318
562.23319
562.23321
562.23323
562.23324
562.23325
562.23326
562.23328
562.23329
562.23331
562.23333
562.23334
562.23335
562.23336
562.23337
562.23338
562.23339
562.23342
562.23343
562.23344
562.23346
562.23347
562.23348
562.23349
562.23351
562.23352
562.23354
562.23355
562.23357
562.23358
562.23359
562.23361
562.23363
562.23365
562.23371
562.23374
562.23375
562.23376
562.23377
562.23378
562.23379
562.23381
562.23382
562.23386
562.23388
562.23392
562.23393
562.23394
562.23395
562.23396
562.23397
562.23398
562.23399
562.23401
562.23403
562.23405
562.23407
562.23408
562.23409
562.23411
562.23412
562.23413
562.23414
562.23416
562.23417
562.23418
562.23419
562.23421
562.23422
562.23423
562.23424
562.23425
562.23426
562.23427
562.23428
562.23431
562.23439
562.23442
562.23444
562.23445
562.23446
562.23449
562.23451
562.23454
562.23455
562.23456
562.23457
562.23458
562.23459
562.23461
562.23463
562.23464
562.23466
562.23469
562.23471
562.23474
562.23475
562.23478
562.23479
562.23482
562.23483
562.23485
562.23487
562.23488
562.23489
562.23492
562.23493
562.23495
562.23496
562.23498
562.23501
562.23502
562.23505
562.23506
562.23508
562.23509
562.23512
562.23513
562.23516
562.23517
562.23518
562.23519
562.23522
562.23523
562.23526
562.23527
562.23532
562.23533
562.23534
562.23537
562.23539
562.23542
562.23544
562.23545
562.23546
562.23547
562.23548
562.23549
562.23551
562.23552
562.23556
562.23557
562.23558
562.23561
562.23563
562.23564
562.23565
562.23566
562.23567
562.23571
562.23572
562.23574
562.23575
562.23576
562.23577
562.23578
562.23579
562.23584
562.23585
562.23586
562.23587
562.23588
562.23593
562.23596
562.23597
562.23598
562.23599
562.23602
562.23604
562.23605
562.23609
562.23613
562.23614
562.23615
562.23617
562.23619
562.23622
562.23623
562.23625
562.23627
562.23628
562.23629
562.23631
562.23632
562.23633
562.23634
562.23635
562.23637
562.23638
562.23642
562.23643
562.23644
562.23646
562.23647
562.23651
562.23653
562.23654
562.23655
562.23656
562.23657
562.23659
562.23661
562.23662
562.23664
562.23665
562.23666
562.23667
562.23668
562.23669
562.23671
562.23672
562.23674
562.23676
562.23677
562.23678
562.23679
562.23683
562.23686
562.23687
562.23688
562.23689
562.23691
562.23692
562.23693
562.23696
562.23698
562.23701
562.23702
562.23703
562.23704
562.23705
562.23707
562.23708
562.23711
562.23713
562.23714
562.23715
562.23716
562.23718
562.23722
562.23725
562.23726
562.23727
562.23729
562.23731
562.23732
562.23733
562.23735
562.23736
562.23737
562.23738
562.23739
562.23741
562.23742
562.23744
562.23745
562.23746
562.23748
562.23751
562.23752
562.23754
562.23755
562.23757
562.23758
562.23761
562.23763
562.23764
562.23766
562.23767
562.23768
562.23769
562.23772
562.23775
562.23776
562.23777
562.23778
562.23779
562.23789
562.23791
562.23792
562.23793
562.23795
562.23797
562.23799
562.23802
562.23803
562.23804
562.23805
562.23806
562.23807
562.23809
562.23811
562.23812
562.23813
562.23814
562.23815
562.23816
562.23818
562.23819
562.23821
562.23822
562.23823
562.23824
562.23825
562.23827
562.23829
562.23832
562.23834
562.23835
562.23838
562.23841
562.23843
562.23844
562.23845
562.23846
562.23848
562.23849
562.23851
562.23852
562.23853
562.23858
562.23861
562.23863
562.23865
562.23867
562.23871
562.23873
562.23874
562.23875
562.23876
562.23877
562.23881
562.23882
562.23883
562.23884
562.23885
562.23886
562.23887
562.23889
562.23891
562.23894
562.23895
562.23896
562.23899
562.23903
562.23905
562.23907
562.23908
562.23909
562.23911
562.23912
562.23913
562.23915
562.23916
562.23917
562.23918
562.23919
562.23921
562.23922
562.23923
562.23924
562.23925
562.23926
562.23929
562.23931
562.23932
562.23933
562.23934
562.23935
562.23936
562.25069
562.25073
562.25132
562.25144
562.25146
562.25165
562.25166
562.25167
562.25168
562.25169
562.25174
562.25187
562.25209
562.25215
562.25251
562.25252
562.25253
562.25265
562.25277
562.25283
562.25287
562.25291
562.25293
562.25298
562.25301
562.25305
562.25307
562.25309
562.25311
562.25347
562.25348
562.25349
562.25355
562.25356
562.25357
562.25358
562.25359
562.25363
562.25422
562.28151
562.28156
562.28157
562.28158
562.28159
562.28162
562.28163
562.28164
562.28165
562.28166
562.28168
562.28169
562.28171
562.28172
562.28174
562.28175
562.28176
562.28177
562.28181
562.28183
562.28185
562.28186
562.28188
562.28189
562.28194
562.28196
562.28203
562.28216
562.28222
562.28223
562.28224
562.28225
562.28226
562.28227
562.28228
562.28229
562.28231
562.28232
562.28233
562.28264
562.28277
562.28299
562.28301
562.28302
562.28303
562.28308
562.28309
562.28316
562.28339
562.28386
562.28391
562.28405
562.28436
562.28437
562.28438
562.28441
562.28442
562.28443
562.28445
562.28447
562.28448
562.28449
562.28451
562.28457
562.28458
562.28459
562.28462
562.28463
562.28465
562.28466
562.28467
562.28468
562.28469
562.28471
562.28472
562.28473
562.28474
562.28475
562.28476
562.28477
562.28478
562.28479
562.28481
562.28486
562.28489
562.28491
562.28492
562.28493
562.28495
562.28496
562.28497
562.28498
562.28499
562.28501
562.28502
562.28503
562.28507
562.28509
562.28513
562.28515
562.28516
562.28522
562.28523
562.28524
562.28526
562.28527
562.28528
562.28529
562.28531
562.28533
562.28534
562.28535
562.28536
562.28537
562.28538
562.28539
562.28541
562.28542
562.28544
562.28545
562.28547
562.28548
562.28549
562.28551
562.28552
562.28553
562.28554
562.28556
562.28559
562.28593
562.28838
562.28839
562.28842
562.28843
562.28844
562.28845
562.28846
562.28847
562.28935
562.28936
562.28937
562.28938
562.28979
562.28993
562.28994
562.28995
562.28996
562.29017
562.29027
562.29028
562.29056
562.29061
562.29064
562.29067
562.29068
562.29082
562.29083
562.29084
562.29085
562.29086
562.29088
562.29096
562.29121
562.30148
562.30149
562.30162
562.30163
562.30167
562.30168
562.30213
562.30225
562.30242
562.30244
562.30249
562.30301
562.30317
562.30318
562.30319
562.30334
562.30337
562.30342
562.30346
562.30358
562.30359
562.30364
562.30368
562.30369
562.30424
562.30425
562.30438
562.30439
562.30441
562.30443
562.30444
562.30445
562.30446
562.30598
562.30599
562.30601
562.30602
562.30604
562.30605
562.30607
562.30611
562.30614
562.30615
562.30616
562.30617
562.30618
562.30619
562.30621
562.30622
562.30623
562.30625
562.30626
562.30627
562.30628
562.30629
562.30631
562.30632
562.30635
562.30636
562.30637
562.30638
562.30641
562.30642
562.30643
562.30644
562.30645
562.30646
562.30647
562.30648
562.30651
562.30654
562.30655
562.30657
562.30658
562.30659
562.30661
562.30662
562.30663
562.30665
562.30666
562.30667
562.30669
562.30671
562.30672
562.30673
562.30675
562.30676
562.30677
562.30678
562.30682
562.30684
562.30685
562.30687
562.30688
562.30689
562.30691
562.30692
562.30693
562.30694
562.30695
562.30696
562.30701
562.30703
562.30705
562.30706
562.30708
562.30709
562.30711
562.30712
562.30713
562.30717
562.30718
562.30721
562.30727
562.30729
562.30733
562.30737
562.30744
562.30745
562.30754
562.30758
562.30767
562.30768
562.30775
562.30779
562.30791
562.30797
562.30801
562.30806
562.30814
562.30829
562.30834
562.30843
562.30847
562.30851
562.30858
562.30863
562.30869
562.30887
562.30891
562.30894
562.30896
562.30897
562.30898
562.30901
562.30902
562.30903
562.30904
562.30905
562.30906
562.30907
562.30908
562.30909
562.30911
562.30912
562.30915
562.30916
562.30917
562.30918
562.30919
562.30921
562.30922
562.30923
562.30924
562.30925
562.30926
562.30927
562.30929
562.30931
562.30932
562.30933
562.30934
562.30935
562.30936
562.30938
562.30939
562.30941
562.30942
562.30943
562.30944
562.30945
562.30946
562.30947
562.30948
562.30952
562.30955
562.30956
562.30958
562.30962
562.30963
562.30964
562.30965
562.30967
562.30968
562.30969
562.30971
562.30972
562.30973
562.30975
562.30976
562.30977
562.30978
562.30979
562.30981
562.30982
562.30983
562.30984
562.30985
562.30986
562.30987
562.30988
562.30989
562.31055
562.31087
562.31116
562.31437
562.31455
562.31459
562.31462
562.31465
562.33103
562.33106
562.33107
562.33108
562.33109
562.33111
562.33112
562.33114
562.33115
562.33117
562.33118
562.33119
562.33121
562.33122
562.33123
562.33124
562.33125
562.33126
562.33127
562.33128
562.33131
562.33133
562.33137
562.33138
562.33139
562.33141
562.33142
562.33143
562.33144
562.33145
562.33146
562.33147
562.33148
562.33149
562.33152
562.33153
562.33155
562.33158
562.33161
562.33167
562.33173
562.33174
562.33175
562.33176
562.33189
562.33192
562.33194
562.33209
562.33245
562.33247
562.33276
562.33279
562.33306
562.33308
562.33309
562.33311
562.33312
562.33313
562.33314
562.33316
562.33338
562.33357
562.33358
562.33359
562.33361
562.33364
562.33375
562.33389
562.33404
562.33407
562.33411
562.33413
562.33419
562.33421
562.33424
562.33438
562.33439
562.33453
562.33455
562.33463
562.33464
562.33516
562.33536
562.33545
562.33547
562.33548
562.33738
562.33747
562.33756
562.33772
562.33828
562.33947
562.33948
562.33949
562.33951
562.33952
562.33953
562.33954
562.33955
562.33956
562.33957
562.33958
562.33959
562.33961
562.33962
562.33963
562.33964
562.33965
562.33966
562.33967
562.33968
562.33969
562.33971
562.33973
562.33974
562.33975
562.33976
562.33978
562.33979
562.33981
562.33982
562.33985
562.33986
562.33988
562.34003
562.34011
562.34013
562.34024
562.34047
562.34049
562.34051
562.34052
562.34054
562.34055
562.34056
562.34057
562.34058
562.34059
562.34061
562.34062
562.34063
562.34064
562.34065
562.34066
562.34067
562.34068
562.34069
562.34071
562.34072
562.34073
562.34074
562.34075
562.34076
562.34077
562.34078
562.34079
562.34081
562.34082
562.34083
562.34127
562.34135
562.34147
562.34154
562.34163
562.34168
562.34175
562.34192
562.34216
562.34237
562.34274
562.34278
562.34304
562.34308
562.34317
562.34321
562.34324
562.34336
562.34338
562.34368
562.34379
562.34385
562.34395
562.34399
562.34402
562.34405
562.34406
562.34409
562.34413
562.34414
562.34417
562.34419
562.34421
562.34422
562.34423
562.34424
562.34425
562.34426
562.34434
562.34436
562.34437
562.34438
562.34442
562.34447
562.34448
562.34451
562.34456
562.34457
562.34458
562.34461
562.34466
562.34467
562.34473
562.34476
562.34482
562.34484
562.34485
562.34486
562.34489
562.34491
562.34492
562.34494
562.34495
562.34496
562.34497
562.34498
562.34499
562.34501
562.34502
562.34504
562.34506
562.34508
562.34511
562.34512
562.34513
562.34515
562.34517
562.34518
562.34519
562.34521
562.34555
562.34556
562.34558
562.34559
562.36153
562.36154
562.36155
562.36165
562.36191
562.36197
562.36207
562.36246
562.36254
562.36281
562.36282
562.36283
562.36284
562.36285
562.36286
562.36287
562.36289
562.36291
562.36293
562.36294
562.36295
562.36296
562.36297
562.36299
562.36302
562.36303
562.36304
562.36305
562.36307
562.36308
562.36309
562.36311
562.36314
562.36322
562.36326
562.36327
562.36328
562.36331
562.36332
562.36333
562.36334
562.36335
562.36338
562.36339
562.36341
562.36368
562.36404
562.36485
562.36529
562.36574
562.36643
562.36655
562.36656
562.36658
562.36659
562.36667
562.36669
562.36674
562.36681
562.36685
562.36694
562.36703
562.36712
562.36723
562.36734
562.36735
562.36748
562.36767
562.36771
562.36772
562.36779
562.36807
562.36809
562.36829
562.36843
562.36851
562.36862
562.36902
562.36906
562.36913
562.36937
562.36938
562.36949
562.36968
562.36973
562.36981
562.36985
562.36986
562.36995
562.37003
562.37023
562.37028
562.37047
562.37061
562.37091
562.37103
562.37106
562.37171
562.37172
562.37173
562.37174
562.37175
562.37176
562.37177
562.37178
562.37179
562.38619
562.38627
562.38631
562.38632
562.38634
562.38635
562.38639
562.38643
562.38672
562.38689
562.38703
562.38706
562.38732
562.38751
562.38752
562.38754
562.38756
562.38759
562.38761
562.38768
562.38769
562.38772
562.38773
562.38774
562.38776
562.38778
562.38786
562.38792
562.38795
562.38796
562.38798
562.38799
562.38802
562.38803
562.38805
562.38806
562.38807
562.38823
562.38839
562.38844
562.38847
562.38848
562.38852
562.38854
562.38855
562.38879
562.38887
562.38888
562.38894
562.38934
562.38936
562.38946
562.38948
562.38989
562.39037
562.39051
562.39062
562.39063
562.39105
562.39122
562.39123
562.39148
562.39175
562.39176
562.39177
562.39434
562.39438
562.39459
562.39465
562.39466
562.39468
562.39471
562.39481
562.39492
562.39508
562.39511
562.39534
562.41965
562.41966
562.41967
562.41968
562.41969
562.41971
562.41974
562.41975
562.41976
562.41979
562.41981
562.41983
562.41984
562.41992
562.41993
562.41994
562.41998
562.42001
562.42002
562.42003
562.42006
562.42007
562.42012
562.42013
562.42014
562.42024
562.42025
562.42026
562.42027
562.42029
562.42033
562.42035
562.42037
562.42039
562.42043
562.42046
562.42047
562.42048
562.42049
562.42051
562.42054
562.42056
562.42057
562.42058
562.42061
562.42062
562.42065
562.42066
562.42067
562.42069
562.42072
562.42075
562.42077
562.42078
562.42081
562.42082
562.42084
562.42086
562.42087
562.42089
562.42092
562.42093
562.42096
562.42097
562.42099
562.42103
562.42104
562.42107
562.42108
562.42109
562.42111
562.42112
562.42113
562.42115
562.42116
562.42118
562.42119
562.42121
562.42122
562.42123
562.42125
562.42126
562.42127
562.42128
562.42129
562.42131
562.42132
562.42133
562.42134
562.42135
562.42136
562.42137
562.42138
562.42141
562.42142
562.42145
562.42148
562.42151
562.42155
562.42156
562.42159
562.42161
562.42162
562.42164
562.42165
562.42166
562.42167
562.42168
562.42169
562.42172
562.42173
562.42175
562.42176
562.42177
562.42181
562.42182
562.42184
562.42186
562.42187
562.42189
562.42191
562.42193
562.42195
562.42199
562.42201
562.45286
562.45295
562.45296
562.45297
562.45301
562.45302
562.45303
562.45305
562.45307
562.45308
562.45313
562.45314
562.45327
562.45333
562.45339
562.45344
562.45347
562.45348
562.45349
562.45353
562.45354
562.45355
562.45357
562.45361
562.45363
562.45365
562.45366
562.45367
562.45369
562.45371
562.45373
562.45375
562.45376
562.45377
562.45378
562.45379
562.45381
562.45382
562.45384
562.45388
562.45398
562.45404
562.45406
562.45407
562.45408
562.45409
562.45429
562.45434
562.45438
562.45442
562.45443
562.45444
562.45445
562.45447
562.45448
562.45449
562.45452
562.45453
562.45457
562.45459
562.45477
562.45521
562.45581
562.45584
562.45613
562.45679
562.45684
562.45685
562.45688
562.45692
562.45693
562.45694
562.45695
562.45696
562.45697
562.45698
562.45752
562.45753
562.45758
562.45764
562.45765
562.45773
562.45774
562.45778
562.45779
562.45782
562.45783
562.45843
562.45855
562.45856
562.45857
562.45859
562.45863
562.45864
562.45867
562.45868
562.45869
562.45872
562.45873
562.45874
562.45875
562.45877
562.45879
562.45882
562.45885
562.45887
562.45888
562.45891
562.45892
562.45893
562.45894
562.45895
562.45896
562.45897
562.45898
562.45902
562.45903
562.45904
562.45905
562.45906
562.45907
562.45909
562.45911
562.45912
562.45913
562.45914
562.45915
562.45918
562.45919
562.45921
562.45922
562.45923
562.45926
562.45928
562.45975
562.46014
562.46181
562.46182
562.46183
562.46185
562.46191
562.46196
562.46197
562.46203
562.46212
562.46215
562.46216
562.46218
562.46223
562.46224
562.46225
562.46226
562.46227
562.46228
562.46231
562.46233
562.46236
562.46237
562.46241
562.46242
562.46244
562.46246
562.46247
562.46248
562.46254
562.46257
562.46258
562.46282
562.46294
562.46308
562.46434
562.46462
562.46555
562.46601
562.46608
562.46706
562.46707
562.46781
562.46782
562.46783
562.46784
562.46785
562.46786
562.46787
562.46789
562.46793
562.46795
562.46796
562.46797
562.46798
562.46799
562.46803
562.46807
562.46812
562.46813
562.46814
562.46815
562.46817
562.46818
562.46819
562.46821
562.46823
562.46825
562.46826
562.46831
562.46835
562.46836
562.46839
562.46842
562.46843
562.46844
562.46845
562.46846
562.46849
562.46851
562.46853
562.46854
562.46855
562.46857
562.46894
562.46895
562.46896
562.46898
562.46901
562.46903
562.46906
562.46912
562.46913
562.46914
562.46918
562.46919
562.46925
562.46926
562.46928
562.46932
562.46933
562.46934
562.46935
562.46938
562.46941
562.46942
562.46943
562.46944
562.46945
562.46948
562.46952
562.46953
562.46955
562.46956
562.46957
562.46959
562.46963
562.46964
562.46965
562.46967
562.46968
562.46969
562.46973
562.46974
562.46977
562.46978
562.46988
562.46999
562.47001
562.47002
562.47003
562.47004
562.47005
562.47007
562.47008
562.47009
562.47011
562.47013
562.47014
562.47015
562.47017
562.47018
562.47019
562.47021
562.47022
562.47024
562.47025
562.47026
562.47028
562.47029
562.47031
562.47032
562.47033
562.47034
562.47037
562.47038
562.47041
562.47042
562.47044
562.47045
562.47046
562.47047
562.47048
562.47049
562.47051
562.47052
562.47055
562.47056
562.47057
562.47059
562.47061
562.47062
562.47064
562.47065
562.47066
562.47067
562.47069
562.47071
562.47072
562.47074
562.47075
562.47076
562.47077
562.47078
562.47079
562.47082
562.47083
562.47084
562.47085
562.47091
562.47094
562.47097
562.47098
562.47101
562.47102
562.47103
562.47107
562.47108
562.47111
562.47112
562.47113
562.47114
562.47115
562.47118
562.47121
562.47123
562.47126
562.47128
562.47132
562.47133
562.47135
562.47137
562.47138
562.47141
562.47142
562.47144
562.47145
562.47148
562.47149
562.47151
562.47156
562.47158
562.47161
562.47162
562.47163
562.47164
562.47166
562.47168
562.47171
562.47172
562.47215
562.47218
562.47266
562.47276
562.47295
562.47326
562.47368
562.47478
562.47503
562.47531
562.47532
562.47533
562.47534
562.47535
562.47536
562.47537
562.47538
562.47697
562.47698
562.47709
562.47724
562.47728
562.47731
562.47732
562.47736
562.47737
562.47741
562.47742
562.47743
562.47747
562.47752
562.47753
562.47754
562.47761
562.47769
562.47771
562.47776
562.47781
562.47782
562.47783
562.47787
562.47789
562.47797
562.47798
562.47799
562.47804
562.47805
562.47806
562.47807
562.47808
562.47809
562.47813
562.47814
562.47815
562.47816
562.47822
562.47831
562.47832
562.47834
562.47836
562.47837
562.47839
562.47841
562.47844
562.47848
562.47852
562.47854
562.47855
562.47856
562.47857
562.47859
562.47865
562.47866
562.47867
562.47868
562.47872
562.47873
562.47883
562.47884
562.47887
562.47888
562.47896
562.47898
562.47899
562.47902
562.47903
562.47912
562.47915
562.47916
562.47922
562.47924
562.47925
562.47927
562.47931
562.47933
562.47935
562.47936
562.47939
562.47942
562.47943
562.47947
562.47949
562.47954
562.47957
562.47959
562.47963
562.47964
562.47965
562.47966
562.47967
562.47968
562.47969
562.47975
562.47977
562.47978
562.47981
562.47982
562.47983
562.47984
562.47987
562.47992
562.47993
562.47994
562.47995
562.47997
562.47998
562.48002
562.48003
562.48004
562.48005
562.48006
562.48007
562.48011
562.48012
562.48014
562.48016
562.48018
562.48019
562.48021
562.48022
562.48023
562.48024
562.48025
562.48027
562.48028
562.48029
562.48033
562.48036
562.48037
562.48042
562.48043
562.48044
562.48051
562.48052
562.48053
562.48055
562.48056
562.48058
562.48061
562.48063
562.48064
562.48066
562.48068
562.48071
562.48073
562.48074
562.48075
562.48077
562.48079
562.48083
562.48085
562.48086
562.48087
562.48088
562.48091
562.48092
562.48093
562.48094
562.48096
562.48098
562.48099
562.48103
562.48105
562.48108
562.48109
562.48112
562.48114
562.48116
562.48119
562.48121
562.48124
562.48125
562.48127
562.48128
562.48129
562.48131
562.48134
562.48135
562.48136
562.48137
562.48138
562.48139
562.48141
562.48143
562.48144
562.48145
562.48146
562.48147
562.48148
562.48149
562.48151
562.48153
562.48154
562.48158
562.48159
562.48161
562.48162
562.48163
562.48165
562.48166
562.48169
562.48171
562.48172
562.48173
562.48174
562.48175
562.48176
562.48181
562.48183
562.48185
562.48186
562.48187
562.48188
562.48189
562.48191
562.48192
562.48193
562.48194
562.48196
562.48197
562.48199
562.48202
562.48205
562.48216
562.48222
562.48223
562.48225
562.48227
562.48231
562.48232
562.48236
562.48237
562.48242
562.48243
562.48244
562.48245
562.48246
562.48247
562.48248
562.48253
562.48254
562.50212
562.50221
562.50307
562.50311
562.50312
562.50314
562.50315
562.50316
562.50317
562.50319
562.50408
562.50455
562.50457
562.50463
562.50466
562.50467
562.50468
562.50471
562.50472
562.50474
562.50475
562.50485
562.50486
562.50488
562.50507
562.50509
562.5051
562.50512
562.50513
562.50514
562.50515
562.50516
562.50517
562.50518
562.50519
562.50521
562.50522
562.50524
562.50551
562.50552
562.50555
562.50567
562.50568
562.50569
562.50571
562.50572
562.50585
562.50586
562.50587
562.50591
562.50592
562.50593
562.50598
562.50614
562.50642
562.50643
562.50646
562.50647
562.50648
562.50649
562.5065
562.50658
562.5066
562.50661
562.5067
562.50675
562.5068
562.5069
562.50698
562.5071
562.5072
562.50721
562.50724
562.50725
562.50726
562.50727
562.50729
562.5073
562.50731
562.50732
562.50733
562.50738
562.5074
562.50748
562.50749
562.5075
562.50751
562.50753
562.50754
562.50755
562.50756
562.50758
562.50759
562.5076
562.50761
562.50763
562.50768
562.50769
562.5077
562.50779
562.5078
562.5079
562.50796
562.5083
562.5084
562.50848
562.50849
562.5085
562.50851
562.50852
562.50853
562.50854
562.50855
562.50856
562.50857
562.50858
562.5086
562.50861
562.50863
562.50864
562.50865
562.50866
562.50867
562.50868
562.50869
562.5087
562.50871
562.50872
562.50874
562.50877
562.50878
562.50879
562.5088
562.50882
562.50883
562.50885
562.50887
562.50888
562.50889
562.5089
562.50892
562.50893
562.50894
562.50895
562.50899
562.50901
562.50902
562.50904
562.50905
562.50907
562.5091
562.50911
562.50912
562.50915
562.50919
562.5092
562.50921
562.50922
562.50924
562.50925
562.50926
562.50927
562.50928
562.50939
562.5094
562.50941
562.50942
562.50943
562.50944
562.50945
562.50946
562.50947
562.5095
562.50959
562.50961
562.50962
562.50963
562.50964
562.50965
562.50968
562.50973
562.50975
562.50976
562.50978
562.50982
562.50983
562.50984
562.50985
562.50986
562.50988
562.5099
562.50995
562.51001
562.51002
562.51005
562.51008
562.51009
562.5101
562.5102
562.5103
562.5104
562.5105
562.5106
562.5108
562.5109
562.5111
562.5112
562.5114
562.5116
562.5117
562.5119
562.5121
562.5122
562.5123
562.5124
562.5132
562.5133
562.5134
562.5135
562.5137
562.5142
562.5143
562.5144
562.5145
562.5147
562.5152
562.5153
562.51551
562.51553
562.51555
562.5156
562.5157
562.51571
562.51576
562.5158
562.51588
562.51589
562.5161
562.5162
562.5164
562.5166
562.5167
562.51676
562.51677
562.51679
562.5168
562.51683
562.51684
562.51685
562.51686
562.51687
562.51688
562.51689
562.51691
562.51692
562.51693
562.51694
562.51695
562.51696
562.51698
562.51699
562.5171
562.5174
562.5175
562.5178
562.5181
562.5182
562.5183
562.5184
562.5186
562.5188
562.5189
562.5191
562.5192
562.5196
562.5198
562.5204
562.5206
562.5207
562.5208
562.5213
562.5214
562.5219
562.5221
562.5223
562.5224
562.5225
562.5227
562.5228
562.5229
562.5231
562.5232
562.5233
562.5235
562.5236
562.5239
562.5243
562.5244
562.5245
562.5246
562.5247
562.5248
562.5249
562.52507
562.52508
562.52509
562.52511
562.52513
562.52514
562.52516
562.52517
562.52518
562.52519
562.52521
562.52522
562.52523
562.52524
562.52525
562.52526
562.52527
562.52528
562.52529
562.5253
562.52532
562.52533
562.52534
562.52645
562.52646
562.52647
562.52648
562.52649
562.52651
562.52652
562.52653
562.52654
562.52655
562.52656
562.52657
562.52658
562.5266
562.52661
562.5267
562.5268
562.5269
562.5271
562.52713
562.52714
562.52715
562.52717
562.52718
562.52719
562.5272
562.5273
562.5276
562.5278
562.5279
562.5282
562.5283
562.5284
562.5287
562.5291
562.5292
562.5293
562.5296
562.5298
562.5299
562.5301
562.5302
562.5307
562.5308
562.5309
562.5311
562.5315
562.5321
562.5322
562.5323
562.5324
562.5325
562.5327
562.5328
562.5329
562.5332
562.5333
562.5336
562.5337
562.5339
562.5341
562.5342
562.5343
562.5349
562.5355
562.5363
562.5364
562.5366
562.5367
562.5371
562.5373
562.5374
562.5375
562.5376
562.5377
562.5379
562.5389
562.5391
562.5395
562.5396
562.5397
562.53975
562.53976
562.5398
562.5399
562.53993
562.53995
562.53998
562.53999
562.54001
562.54002
562.54003
562.54004
562.54005
562.54006
562.54007
562.54008
562.5401
562.54013
562.54015
562.5402
562.5403
562.54037
562.54038
562.54039
562.54042
562.54043
562.54045
562.54048
562.54049
562.54051
562.54052
562.54053
562.54054
562.54055
562.54056
562.54057
562.54058
562.54059
562.54061
562.54063
562.5407
562.54558
562.54562
562.54638
562.54652
562.54653
562.54654
562.54655
562.54656
562.54657
562.54658
562.54659
562.54661
562.54662
562.54663
562.54664
562.54665
562.54666
562.54669
562.54673
562.54689
562.54699
562.54702
562.54704
562.54709
562.54711
562.54743
562.54816
562.54817
562.54818
562.54819
562.54842
562.55016
562.55085
562.55095
562.55112
562.55113
562.55125
562.55126
562.55183
562.55191
562.55195
562.55197
562.55249
562.55254
562.55279
562.55281
562.55283
562.55807
562.55812
562.55814
562.55818
562.56763
562.56766
562.56772
562.56774
562.56776
562.56789
562.56798
562.56804
562.56805
562.56813
562.56824
562.56827
562.56829
562.56834
562.56836
562.56839
562.56861
562.56868
562.56874
562.56884
562.56888
562.56892
562.56908
562.56919
562.57077
562.57078
562.57079
562.57082
562.57086
562.57087
562.57088
562.57089
562.57091
562.57092
562.57098
562.57101
562.57107
562.57123
562.57126
562.57133
562.57142
562.57143
562.57149
562.57151
562.57153
562.57154
562.57155
562.57169
562.57172
562.57177
562.57178
562.57181
562.57183
562.57187
562.57191
562.57196
562.57197
562.57203
562.57205
562.57206
562.57214
562.57215
562.57218
562.57225
562.57226
562.57228
562.57231
562.57235
562.57238
562.57248
562.57254
562.57257
562.57269
562.57273
562.57274
562.57277
562.57278
562.57279
562.57283
562.57284
562.57287
562.57293
562.57297
562.57304
562.57307
562.57309
562.57311
562.57312
562.57316
562.57322
562.57325
562.57331
562.57364
562.57369
562.57371
562.57375
562.57381
562.57382
562.57403
562.57405
562.57426
562.57452
562.57454
562.57457
562.57466
562.57468
562.57473
562.57474
562.57475
562.57481
562.57485
562.57489
562.57492
562.57493
562.57494
562.57497
562.57498
562.57502
562.57503
562.57505
562.57508
562.58139
562.58154
562.58159
562.58161
562.58162
562.58163
562.58164
562.58167
562.58168
562.58169
562.58185
562.58186
562.58187
562.58188
562.58189
562.58191
562.58195
562.58197
562.58202
562.58213
562.58216
562.58217
562.58218
562.58245
562.58362
562.58366
562.58442
562.58444
562.58622
562.58627
562.58631
562.58632
562.58633
562.58635
562.58641
562.58645
562.58646
562.58647
562.58649
562.58651
562.58717
562.58761
562.58768
562.58789
562.59072
562.59073
562.59075
562.59076
562.59116
562.59128
562.59132
562.59137
562.59138
562.59151
562.59153
562.59156
562.59158
562.59161
562.59163
562.59164
562.59171
562.59172
562.59175
562.59191
562.59194
562.59214
562.59219
562.59259
562.60253
562.60263
562.60265
562.60266
562.60267
562.60269
562.60271
562.60273
562.60277
562.60279
562.60281
562.60282
562.60285
562.60286
562.60288
562.60289
562.60291
562.60295
562.60296
562.60299
562.60302
562.60306
562.60308
562.60315
562.60318
562.60322
562.60325
562.60326
562.60327
562.60328
562.60329
562.60331
562.60332
562.60333
562.60334
562.60335
562.60336
562.60337
562.60338
562.60339
562.60341
562.60344
562.60345
562.60347
562.60434
562.60435
562.60438
562.60452
562.60453
562.60472
562.60473
562.60474
562.60497
562.60503
562.60504
562.60506
562.60507
562.60508
562.60524
562.60525
562.60526
562.60527
562.60528
562.60531
562.60539
562.60541
562.60542
562.60543
562.60544
562.60545
562.60546
562.60547
562.60548
562.60551
562.60603
562.60623
562.61489
562.61493
562.61494
562.61496
562.61498
562.61505
562.61507
562.61508
562.61511
562.61517
562.61518
562.61573
562.61614
562.61624
562.61625
562.61626
562.61635
562.61682
562.61705
562.61706
562.61709
562.61711
562.61728
562.61729
562.61731
562.61732
562.61733
562.61734
562.61735
562.61736
562.61737
562.61738
562.61739
562.61741
562.61742
562.61743
562.61745
562.61746
562.61747
562.61748
562.61749
562.61751
562.61752
562.61753
562.61754
562.61755
562.61756
562.61757
562.61765
562.61772
562.61774
562.61775
562.61776
562.61777
562.61778
562.62729
562.62732
562.62733
562.62734
562.62736
562.62741
562.62744
562.62745
562.62747
562.62749
562.62752
562.62753
562.62754
562.62755
562.62756
562.62759
562.62763
562.62774
562.62778
562.62782
562.62785
562.62791
562.62813
562.62814
562.62823
562.62825
562.62826
562.62919
562.62922
562.62931
562.62978
562.62981
562.62983
562.62991
562.63001
562.63087
562.63096
562.63152
562.63153
562.63665
562.63666
562.63678
562.63679
562.63681
562.63682
562.63685
562.63686
562.63693
562.63695
562.63699
562.63701
562.63703
562.63742
562.63743
562.63768
562.63769
562.63778
562.63802
562.63804
562.63806
562.63807
562.63825
562.63826
562.63829
562.63831
562.63833
562.63841
562.63904
562.63905
562.63908
562.64232
562.64237
562.64262
562.64263
562.64824
562.64825
562.64828
562.64829
562.64832
562.64834
562.64836
562.64837
562.64838
562.64839
562.64843
562.64846
562.64847
562.64848
562.64851
562.64852
562.64854
562.64857
562.64858
562.64859
562.64861
562.64862
562.64863
562.64865
562.64866
562.64869
562.64872
562.64873
562.64874
562.64875
562.64876
562.64878
562.64879
562.64881
562.64882
562.64883
562.64884
562.64885
562.64886
562.64887
562.64889
562.64892
562.64894
562.64895
562.64896
562.64897
562.64899
562.64904
562.64905
562.64908
562.64909
562.64912
562.64916
562.64917
562.64918
562.64921
562.64922
562.64923
562.64925
562.64926
562.64927
562.64929
562.64931
562.64933
562.64935
562.64937
562.64938
562.64941
562.64944
562.64946
562.64948
562.64949
562.64951
562.64952
562.64953
562.64954
562.64956
562.64958
562.64959
562.64962
562.64964
562.64965
562.64967
562.64968
562.64969
562.64971
562.64972
562.64973
562.64974
562.64978
562.64983
562.64985
562.64987
562.64988
562.64989
562.64991
562.64992
562.64993
562.64994
562.64995
562.64996
562.64998
562.64999
562.65001
562.65002
562.65003
562.65004
562.65005
562.65007
562.65009
562.65011
562.65013
562.65014
562.65016
562.65017
562.65019
562.65021
562.65022
562.65023
562.65025
562.65026
562.65028
562.65029
562.65032
562.65033
562.65034
562.65035
562.65036
562.65038
562.65039
562.65041
562.65042
562.65044
562.65046
562.65047
562.65048
562.65051
562.65052
562.65053
562.65055
562.65056
562.65057
562.65058
562.65063
562.65064
562.65065
562.65066
562.65072
562.65073
562.65074
562.65075
562.65076
562.65077
562.65078
562.65083
562.65084
562.65086
562.65087
562.65088
562.65092
562.65098
562.65102
562.65103
562.65104
562.65106
562.65107
562.65108
562.65112
562.65113
562.65114
562.65115
562.65116
562.65117
562.65119
562.65121
562.65122
562.65123
562.65124
562.65128
562.65132
562.65133
562.65134
562.65137
562.65139
562.65142
562.65143
562.65144
562.65145
562.65147
562.65148
562.65149
562.65151
562.65152
562.65153
562.65154
562.65156
562.65157
562.65158
562.65159
562.65161
562.65162
562.65163
562.65166
562.65167
562.65173
562.65175
562.65178
562.65181
562.65182
562.65183
562.65184
562.65185
562.65186
562.65187
562.65193
562.65196
562.65197
562.65198
562.65199
562.65201
562.65202
562.65203
562.65204
562.65205
562.65206
562.65207
562.65209
562.65211
562.65214
562.65215
562.65218
562.65221
562.65222
562.65224
562.65225
562.65227
562.65228
562.65231
562.65233
562.65234
562.65235
562.65236
562.65239
562.65242
562.65243
562.65245
562.65246
562.65248
562.65252
562.65253
562.65254
562.65255
562.65256
562.65258
562.65261
562.65262
562.65263
562.65264
562.65266
562.65269
562.65273
562.65274
562.65276
562.65277
562.65278
562.65279
562.65281
562.65282
562.65283
562.65285
562.65286
562.65289
562.65292
562.65294
562.65296
562.65299
562.65301
562.65302
562.65303
562.65304
562.65305
562.65306
562.65308
562.65309
562.65311
562.65312
562.65313
562.65316
562.65317
562.65319
562.65321
562.65322
562.65324
562.65325
562.65327
562.65328
562.65329
562.65331
562.65334
562.65335
562.65336
562.65337
562.65338
562.65339
562.65341
562.65343
562.65344
562.65346
562.65347
562.65349
562.65351
562.65352
562.65353
562.65354
562.65355
562.65356
562.65358
562.65363
562.65364
562.65365
562.65368
562.65369
562.65371
562.65372
562.65373
562.65374
562.65375
562.65376
562.65377
562.65378
562.65379
562.65384
562.65385
562.65386
562.65387
562.65388
562.65389
562.65391
562.65395
562.65398
562.65403
562.65404
562.65405
562.65406
562.65407
562.65412
562.65413
562.65414
562.65415
562.65416
562.65417
562.65418
562.65421
562.65422
562.65423
562.65426
562.65427
562.65428
562.65429
562.65431
562.65432
562.65433
562.65435
562.65436
562.65439
562.65441
562.65442
562.65443
562.65444
562.65445
562.65446
562.65447
562.65448
562.65449
562.65452
562.65453
562.65454
562.65455
562.65457
562.65461
562.65462
562.65463
562.65464
562.65465
562.65466
562.65467
562.65468
562.65469
562.65475
562.65477
562.65479
562.65481
562.65482
562.65483
562.65484
562.65485
562.65486
562.65488
562.65489
562.65492
562.65493
562.65495
562.65497
562.65501
562.65502
562.65503
562.65505
562.65506
562.65508
562.65511
562.65512
562.65514
562.65516
562.65521
562.65522
562.65526
562.65527
562.65528
562.65529
562.65531
562.65534
562.65535
562.65539
562.65541
562.65542
562.65543
562.65544
562.65545
562.65547
562.65549
562.65552
562.65554
562.65555
562.65556
562.65557
562.65558
562.65559
562.65562
562.65563
562.65564
562.65566
562.65567
562.65568
562.65571
562.65572
562.65574
562.65576
562.65577
562.65578
562.65581
562.65583
562.65584
562.65587
562.65588
562.65589
562.65593
562.65595
562.65596
562.65598
562.65602
562.65603
562.65604
562.65606
562.65607
562.65612
562.65613
562.65615
562.65616
562.65617
562.65619
562.65621
562.65622
562.65624
562.65626
562.65632
562.65633
562.65634
562.65635
562.65636
562.65637
562.65638
562.65643
562.65644
562.65645
562.65646
562.65648
562.65652
562.65653
562.65655
562.65656
562.65657
562.65658
562.65661
562.65662
562.65663
562.65665
562.65666
562.65667
562.65669
562.65671
562.65674
562.65675
562.65676
562.65677
562.65679
562.65681
562.65682
562.65683
562.65684
562.65685
562.65686
562.65688
562.65689
562.65691
562.65696
562.65701
562.65703
562.65704
562.65705
562.65706
562.65708
562.65712
562.65713
562.65714
562.65716
562.65717
562.65719
562.65721
562.65722
562.65724
562.65725
562.65726
562.65727
562.65729
562.65735
562.65736
562.65738
562.65741
562.65743
562.65745
562.65746
562.65747
562.65748
562.65751
562.65753
562.65755
562.65756
562.65757
562.65758
562.65762
562.65764
562.65765
562.65921
562.66588
562.66592
562.66597
562.66598
562.66626
562.66694
562.66701
562.66702
562.66718
562.66719
562.66729
562.66733
562.66739
562.66743
562.66745
562.66748
562.66846
562.66847
562.66848
562.66849
562.66858
562.66886
562.66887
562.66891
562.66892
562.66917
562.66922
562.66982
562.66993
562.67034
562.67035
562.67036
562.67052
562.67054
562.67057
562.67058
562.67059
562.67061
562.67065
562.67066
562.67067
562.67069
562.67072
562.67074
562.67078
562.67081
562.67083
562.67084
562.67085
562.67087
562.67092
562.67101
562.67102
562.67108
562.67109
562.67111
562.67112
562.67113
562.67114
562.67123
562.67135
562.67138
562.67139
562.67148
562.67149
562.67151
562.67152
562.67153
562.67154
562.67155
562.67156
562.67157
562.67158
562.67159
562.67161
562.67162
562.67163
562.67164
562.67165
562.67166
562.67167
562.67168
562.67181
562.67183
562.67186
562.67191
562.67192
562.67193
562.67195
562.67196
562.67231
562.67233
562.67234
562.67236
562.67239
562.67241
562.67249
562.67251
562.67252
562.67255
562.67257
562.67263
562.67264
562.67267
562.67274
562.67316
562.67317
562.67319
562.67326
562.67327
562.67331
562.67333
562.67334
562.67347
562.67406
562.67408
562.67412
562.67415
562.67419
562.67455
562.67459
562.67462
562.67464
562.67465
562.67468
562.67469
562.67481
562.67482
562.67484
562.67489
562.67503
562.67654
562.67658
562.67659
562.67664
562.67666
562.67669
562.67672
562.67681
562.67684
562.67685
562.67686
562.67691
562.67709
562.67714
562.67722
562.67723
562.67726
562.67747
562.67751
562.67752
562.67765
562.67766
562.67767
562.67768
562.67773
562.67786
562.67806
562.67832
562.67833
562.68397
562.68398
562.68417
562.68419
562.68425
562.68429
562.68433
562.68434
562.68435
562.68437
562.68439
562.68443
562.68444
562.68445
562.68447
562.68448
562.68453
562.68454
562.68456
562.68461
562.68462
562.68463
562.68466
562.68546
562.68604
562.68605
562.68652
562.68653
562.68654
562.68713
562.68715
562.68767
562.68768
562.68769
562.68772
562.68774
562.69515
562.69517
562.69519
562.69521
562.69522
562.69523
562.69524
562.69525
562.69526
562.69527
562.69528
562.69529
562.69531
562.69532
562.69533
562.69534
562.69535
562.69536
562.69537
562.69538
562.69539
562.69541
562.69542
562.69543
562.69544
562.69545
562.69546
562.69547
562.69548
562.69549
562.69551
562.69552
562.69553
562.69554
562.69555
562.69556
562.69557
562.69558
562.69559
562.69561
562.69562
562.69563
562.69564
562.69565
562.69566
562.69567
562.69568
562.69569
562.69571
562.69573
562.69574
562.69575
562.69576
562.69577
562.69578
562.69579
562.69591
562.69592
562.69594
562.69612
562.69622
562.69636
562.69639
562.69641
562.69643
562.69648
562.69649
562.6965
562.69654
562.69656
562.6966
562.69665
562.69666
562.69667
562.69668
562.69669
562.6967
562.69674
562.69681
562.69717
562.6973
562.6974
562.6975
562.6981
562.6986
562.6987
562.6992
562.6993
562.6996
562.6999
562.7002
562.7026
562.70405
562.70408
562.70409
562.70413
562.70414
562.70416
562.70417
562.70418
562.70419
562.70421
562.70422
562.70424
562.70428
562.70429
562.70431
562.70432
562.70433
562.70436
562.70437
562.70438
562.70441
562.70444
562.70445
562.70447
562.7045
562.70474
562.70509
562.70518
562.70522
562.70523
562.70524
562.70529
562.70538
562.7054
562.70562
562.70565
562.70598
562.70614
562.70621
562.70623
562.70624
562.70632
562.7064
562.70646
562.70647
562.70648
562.7065
562.70652
562.70655
562.70656
562.70658
562.7066
562.7067
562.7068
562.7069
562.70698
562.70699
562.70709
562.7071
562.70712
562.70715
562.70724
562.70725
562.70726
562.70727
562.70728
562.70729
562.70732
562.70733
562.70734
562.70742
562.70743
562.70745
562.70746
562.70749
562.70754
562.70757
562.70761
562.70763
562.70765
562.70768
562.70769
562.70771
562.70773
562.70776
562.70777
562.70779
562.70784
562.70785
562.70786
562.70787
562.70797
562.70799
562.70801
562.70802
562.70803
562.70805
562.70806
562.70807
562.70808
562.70809
562.70826
562.70828
562.70833
562.70836
562.70837
562.70838
562.70842
562.70846
562.7109
562.7119
562.7134
562.71815
562.71854
562.71858
562.71868
562.71872
562.71873
562.71881
562.71905
562.71911
562.71932
562.71936
562.71943
562.71946
562.7195
562.72015
562.7202
562.7203
562.72077
562.72089
562.72095
562.72099
562.7211
562.7212
562.7213
562.72237
562.72349
562.72354
562.7266
562.7268
562.7269
562.7271
562.7273
562.7276
562.7277
562.7283
562.7285
562.7287
562.7288
562.7301
562.7304
562.7305
562.7306
562.7309
562.7311
562.7312
562.7315
562.7316
562.7317
562.7321
562.7322
562.7323
562.7324
562.7325
562.7329
562.7331
562.7332
562.73334
562.7334
562.7335
562.7336
562.7337
562.7338
562.73381
562.7341
562.7342
562.7344
562.7345
562.7346
562.7347
562.7348
562.7349
562.7351
562.7352
562.7354
562.7356
562.7358
562.7359
562.7361
562.7362
562.7364
562.7367
562.7368
562.7369
562.7371
562.7383
562.7385
562.7422
562.7423
562.7443
562.7444
562.74468
562.7447
562.7448
562.74484
562.74489
562.74507
562.74509
562.7451
562.7452
562.7456
562.7458
562.74589
562.74594
562.74596
562.7461
562.7462
562.74655
562.7466
562.7467
562.74672
562.7468
562.7469
562.74696
562.74705
562.74706
562.7471
562.74719
562.7472
562.74728
562.74729
562.7473
562.74734
562.74736
562.74744
562.74745
562.74746
562.7475
562.7476
562.7477
562.7484
562.7487
562.7488
562.7489
562.7491
562.7494
562.7495
562.7496
562.7497
562.7498
562.7499
562.7501
562.7502
562.7503
562.7514
562.75628
562.75629
562.75648
562.75687
562.75688
562.75689
562.75736
562.75743
562.75752
562.75753
562.75771
562.75774
562.75792
562.75793
562.75801
562.75804
562.75805
562.75807
562.75808
562.7581
562.75813
562.75814
562.75815
562.75834
562.75835
562.7584
562.7585
562.7586
562.75868
562.7587
562.75876
562.75877
562.7588
562.76335
562.76336
562.76337
562.76338
562.76339
562.76341
562.76342
562.76343
562.76344
562.76346
562.76347
562.76348
562.76349
562.76351
562.76352
562.76353
562.76354
562.76356
562.76366
562.76397
562.76436
562.76446
562.76447
562.76475
562.76476
562.76477
562.76478
562.76481
562.7651
562.7652
562.7653
562.7659
562.7674
562.7679
562.7691
562.7696
562.7697
562.7717
562.77175
562.77224
562.77228
562.77233
562.77243
562.77254
562.77259
562.77263
562.77269
562.77272
562.77274
562.77276
562.77281
562.77282
562.77307
562.77327
562.77332
562.77348
562.77371
562.77374
562.77375
562.77376
562.77378
562.77379
562.77381
562.77383
562.77385
562.77386
562.77387
562.77388
562.77389
562.77391
562.77392
562.77393
562.77394
562.77396
562.77397
562.77398
562.77399
562.77402
562.77403
562.77404
562.77405
562.77406
562.77407
562.77408
562.77409
562.77411
562.77412
562.77414
562.77415
562.77419
562.7742
562.77421
562.77422
562.77423
562.77424
562.77428
562.77429
562.77431
562.77449
562.7745
562.77454
562.77455
562.77459
562.77463
562.77467
562.77468
562.77469
562.77471
562.77474
562.77476
562.77478
562.77479
562.77481
562.77483
562.77484
562.77498
562.77503
562.77504
562.77505
562.77506
562.77508
562.77512
562.7752
562.7783
562.7784
562.7787
562.7789
562.7792
562.7794
562.77998
562.78002
562.7801
562.78012
562.78014
562.78017
562.7802
562.78023
562.78024
562.78026
562.7803
562.7804
562.78059
562.7806
562.78064
562.78102
562.78104
562.78108
562.78116
562.78122
562.78123
562.78124
562.78125
562.78211
562.78215
562.78217
562.78219
562.78221
562.78222
562.78223
562.78224
562.78225
562.78227
562.78228
562.78229
562.78231
562.78233
562.78234
562.78235
562.78238
562.78239
562.78241
562.78242
562.78243
562.78245
562.78247
562.78248
562.78251
562.78252
562.78253
562.78255
562.78256
562.78257
562.78258
562.78261
562.78262
562.78264
562.78265
562.78268
562.78269
562.78276
562.78278
562.78281
562.78285
562.78296
562.78297
562.78331
562.78333
562.78924
562.79036
562.79038
562.79039
562.79041
562.79063
562.79069
562.79122
562.79123
562.79215
562.79232
562.79273
562.79274
562.79275
562.79276
562.79277
562.79278
562.79279
562.79281
562.79282
562.79283
562.79284
562.79285
562.79286
562.79287
562.79288
562.79289
562.79291
562.79292
562.79293
562.79294
562.79295
562.79296
562.79297
562.79298
562.79299
562.79301
562.79302
562.79303
562.79304
562.79305
562.79306
562.79307
562.79308
562.79309
562.79311
562.79312
562.79313
562.79314
562.79315
562.79316
562.79317
562.79318
562.79319
562.79321
562.79322
562.79323
562.79324
562.79325
562.79326
562.79327
562.79328
562.79329
562.79331
562.79332
562.79333
562.79334
562.79335
562.79336
562.79337
562.79338
562.79339
562.79378
562.7944
562.7952
562.79634
562.79635
562.7968
562.7976
562.7983
562.80633
562.80637
562.80638
562.80649
562.80651
562.80699
562.80701
562.80727
562.80775
562.80778
562.80779
562.80795
562.80824
562.80827
562.80828
562.80866
562.80875
562.80883
562.80888
562.80898
562.80899
562.80908
562.80917
562.80931
562.80934
562.80946
562.80985
562.80987
562.80995
562.81002
562.81024
562.81034
562.81037
562.81039
562.81044
562.81045
562.81046
562.81054
562.81057
562.81058
562.81078
562.81082
562.81086
562.81087
562.81109
562.81111
562.81112
562.81132
562.81135
562.81136
562.81139
562.81143
562.81147
562.81159
562.81174
562.81175
562.81177
562.81181
562.81186
562.81187
562.81191
562.81192
562.81194
562.81199
562.81202
562.81208
562.81211
562.81212
562.81214
562.81215
562.81219
562.81221
562.81225
562.81227
562.81231
562.81232
562.81234
562.81235
562.81236
562.81237
562.81238
562.81249
562.8446
562.8457
562.8477
562.8478
562.8479
562.8483
562.8484
562.8489
562.8516
562.8517
562.8518
562.8523
562.8524
562.8527
562.8528
562.8529
562.8532
562.8533
562.8536
562.8537
562.8544
562.8548
562.8549
562.8553
562.8554
562.8557
562.8558
562.8561
562.8562
562.8567
562.8568
562.8569
562.8571
562.8574
562.8575
562.8576
562.8577
562.8578
562.8579
562.8584
562.8585
562.8589
562.8592
562.8594
562.8595
562.8597
562.8598
562.8601
562.8602
562.8604
562.8605
562.8606
562.8607
562.8608
562.8609
562.8611
562.8612
562.8613
562.8614
562.8615
562.8617
562.8618
562.8619
562.8622
562.8623
562.8625
562.8627
562.8629
562.8631
562.8632
562.8633
562.8634
562.8635
562.8636
562.8637
562.8638
562.8641
562.8642
562.8643
562.8644
562.8646
562.8647
562.8649
562.8651
562.8652
562.8653
562.8654
562.8655
562.8656
562.86568
562.8657
562.8658
562.86589
562.8661
562.8662
562.86696
562.86697
562.86701
562.86702
562.86703
562.86704
562.86705
562.86707
562.86713
562.86715
562.86716
562.86718
562.86719
562.86721
562.86724
562.86725
562.86726
562.86728
562.86733
562.86753
562.86769
562.86777
562.86802
562.86806
562.86807
562.86813
562.86822
562.86823
562.86845
562.86846
562.88778
562.88779
562.88782
562.88784
562.88787
562.88789
562.88791
562.88796
562.88807
562.88811
562.88814
562.88822
562.88823
562.88824
562.88922
562.88926
562.88934
562.88935
562.88938
562.88952
562.88954
562.88963
562.88966
562.88974
562.88978
562.88983
562.88986
562.88988
562.88989
562.88991
562.88992
562.88993
562.88994
562.88999
562.89012
562.89021
562.89022
562.89024
562.89025
562.89027
562.89028
562.89791
562.89833
562.89836
562.89858
562.89869
562.89907
562.89908
562.89911
562.89954
562.89986
562.89987
562.89993
562.89995
562.89996
562.89997
562.89999
562.90002
562.90011
562.90013
562.90018
562.90023
562.90036
562.9019
562.9028
562.9029
562.9031
562.9032
562.9033
562.9034
562.9035
562.9036
562.9037
562.9038
562.9039
562.9041
562.9042
562.9043
562.9044
562.9045
562.9046
562.9047
562.9048
562.9049
562.9051
562.9052
562.9053
562.9054
562.9055
562.9056
562.9057
562.9058
562.9061
562.9063
562.9065
562.9066
562.9068
562.9069
562.9071
562.9072
562.9073
562.9074
562.9075
562.9077
562.9079
562.9089
562.9092
562.9094
562.9096
562.9097
562.9098
562.9099
562.91598
562.91608
562.91615
562.91701
562.91702
562.91703
562.91704
562.91705
562.91706
562.91707
562.91708
562.91709
562.91718
562.91721
562.91722
562.91723
562.91729
562.91736
562.91744
562.91754
562.91755
562.91756
562.91758
562.91761
562.91762
562.91765
562.91766
562.91776
562.91777
562.91782
562.91785
562.91787
562.91794
562.91797
562.91798
562.91801
562.91802
562.91803
562.91806
562.91807
562.91808
562.91935
562.91936
562.91947
562.92008
562.92013
562.92025
562.9204
562.92042
562.9205
562.9206
562.9208
562.9212
562.9213
562.9214
562.9316
562.9322
562.93985
562.93986
562.94023
562.94024
562.94029
562.94033
562.94034
562.94035
562.94037
562.94041
562.94045
562.94052
562.94053
562.94054
562.94055
562.94056
562.94079
562.94086
562.94087
562.94088
562.94091
562.94094
562.94096
562.94098
562.94107
562.94113
562.94121
562.94122
562.94123
562.94124
562.94125
562.94126
562.94127
562.94129
562.94133
562.94139
562.94142
562.94143
562.94144
562.94155
562.94163
562.94166
562.94167
562.94183
562.94187
562.94194
562.94195
562.94196
562.94197
562.94198
562.94205
562.94208
562.94209
562.94214
562.94215
562.94218
562.94221
562.94222
562.94223
562.94224
562.94226
562.94227
562.94228
562.94235
562.94236
562.94237
562.94238
562.94239
562.94241
562.94242
562.94243
562.94244
562.94245
562.94246
562.94247
562.94248
562.94249
562.94251
562.94252
562.94253
562.94254
562.94255
562.94256
562.94257
562.94258
562.94259
562.94261
562.94262
562.94263
562.94264
562.94265
562.94266
562.94267
562.94268
562.94269
562.94271
562.94272
562.94273
562.94312
562.94314
562.94315
562.94316
562.94317
562.94318
562.94321
562.94336
562.94401
562.94408
562.94415
562.94425
562.95787
562.95801
562.95802
562.95825
562.95844
562.95867
562.95931
562.95932
562.95939
562.95944
562.95946
562.95957
562.95964
562.95966
562.95971
562.95973
562.95987
562.95993
562.96001
562.96002
562.96007
562.96036
562.96053
562.96055
562.96075
562.96126
562.96128
562.96131
562.96136
562.96138
562.96139
562.96142
562.96143
562.96144
562.96146
562.96147
562.96149
562.96228
562.96285
562.96292
562.96295
562.96296
562.96302
562.96303
562.96305
562.96306
562.96307
562.96308
562.96315
562.96321
562.96323
562.96324
562.96327
562.96339
562.96348
562.96361
562.96441
562.96442
562.96443
562.96444
562.96445
562.96446
562.96453
562.96454
562.96457
562.96459
562.96461
562.96463
562.96465
562.96466
562.96467
562.96468
562.96469
562.96473
562.96477
562.96479
562.96481
562.96482
562.96484
562.96485
562.96486
562.96487
562.96488
562.96489
562.96491
562.96492
562.96493
562.96494
562.96495
562.96496
562.96497
562.96508
562.96509
562.96511
562.96512
562.96513
562.96514
562.96515
562.96516
562.96517
562.96518
562.96519
562.96521
562.96522
562.96529
562.96539
562.96546
562.96549
562.96632
562.96633
562.96634
562.96638
562.96639
562.96657
562.96658
562.96662
562.96663
562.96664
562.96666
562.96671
562.96672
562.96673
562.96674
562.96677
562.96678
562.96679
562.96681
562.96682
562.96683
562.96684
562.96685
562.96686
562.96687
562.96688
562.96689
562.96691
562.96692
562.96693
562.96694
562.96695
562.96696
562.96699
562.96701
562.96703
562.96705
562.96706
562.96707
562.96708
562.96709
562.96711
562.96712
562.96713
562.96725
562.96726
562.96727
562.96728
562.96729
562.96735
562.96743
562.96744
562.96755
562.96756
562.96761
562.96762
562.96764
562.96768
562.96769
562.96772
562.96782
562.96793
562.96794
562.96797
562.96798
562.96799
562.96801
562.96802
562.96803
562.96804
562.96805
562.96806
562.96807
562.96808
562.96809
562.96811
562.96812
562.96823
562.96832
562.96833
562.96834
562.96835
562.96836
562.96846
562.96848
562.96849
562.96894
562.96895
562.96897
562.96898
562.96899
562.96901
562.96902
562.96903
562.96904
562.96905
562.96906
562.96907
562.96908
562.96909
562.96919
562.96921
562.96925
562.96926
562.96927
562.96928
562.96931
562.96935
562.96936
562.96938
562.96939
562.96949
562.96952
562.96953
562.96957
562.96958
562.96959
562.96961
562.96965
562.96974
562.96975
562.96976
562.96977
562.96978
562.96979
562.96981
562.97006
562.97007
562.97008
562.97009
562.97016
562.97061
562.97062
562.97068
562.97069
562.97071
562.97072
562.97074
562.97075
562.97076
562.97084
562.97086
562.97087
562.97088
562.97089
562.97128
562.97129
562.97132
562.97133
562.97146
562.97148
562.97149
562.97151
562.97178
562.97179
562.97181
562.97185
562.97186
562.97187
562.97189
562.97191
562.97192
562.97193
562.97194
562.97195
562.97196
562.97213
562.97217
562.97249
562.97252
562.97262
562.97263
562.97267
562.97285
562.97286
562.97287
562.97288
562.97289
562.97291
562.97292
562.97293
562.97294
562.97295
562.97296
562.97297
562.97298
562.97299
562.97301
562.97302
562.97303
562.97304
562.97305
562.97306
562.97307
562.97308
562.97309
562.97314
562.97319
562.97321
562.97324
562.97326
562.97353
562.97354
562.97359
562.97361
562.97362
562.97363
562.97364
562.97365
562.97373
562.97375
562.97376
562.97378
562.97381
562.9739
562.97391
562.97392
562.97393
562.97394
562.97395
562.97396
562.97398
562.97399
562.97402
562.97403
562.97405
562.97406
562.97409
562.97411
562.97414
562.97416
562.97419
562.97426
562.97436
562.97437
562.97447
562.97448
562.97452
562.97453
562.97454
562.97463
562.97466
562.97467
562.97472
562.97473
562.97474
562.97475
562.97476
562.97477
562.97479
562.9748
562.97482
562.97484
562.97485
562.97492
562.97498
562.97499
562.97502
562.97503
562.97504
562.97505
562.97506
562.97507
562.97508
562.97509
562.97514
562.97515
562.9752
562.9759
562.9765
562.9766
562.97662
562.97665
562.97669
562.97671
562.97672
562.97673
562.97674
562.97675
562.97677
562.97678
562.97679
562.97682
562.97683
562.97685
562.97686
562.97687
562.97688
562.97689
562.97691
562.97692
562.97693
562.97694
562.97696
562.97698
562.97699
562.97702
562.97703
562.97705
562.97706
562.97707
562.97709
562.97712
562.97713
562.97715
562.97716
562.97717
562.97718
562.97719
562.97723
562.97725
562.97727
562.97728
562.97732
562.97733
562.97734
562.97735
562.97736
562.97737
562.97738
562.97739
562.97742
562.97744
562.97745
562.97746
562.97749
562.97751
562.97752
562.97755
562.97757
562.97759
562.9776
562.97761
562.97763
562.97765
562.97766
562.97767
562.97768
562.97771
562.97772
562.97773
562.97774
562.97775
562.97776
562.97778
562.97781
562.97783
562.97786
562.97788
562.97791
562.97795
562.97797
562.97798
562.97801
562.97802
562.97803
562.97804
562.97807
562.97808
562.97811
562.97812
562.97813
562.97816
562.97817
562.97818
562.97819
562.97822
562.97823
562.97825
562.97826
562.97828
562.97829
562.97831
562.97832
562.97833
562.97835
562.97837
562.97838
562.97842
562.97843
562.97844
562.97845
562.97847
562.9785
562.97851
562.97852
562.97854
562.97855
562.97857
562.97858
562.97861
562.97862
562.97863
562.97864
562.97865
562.97869
562.97871
562.97875
562.97878
562.97879
562.97881
562.97882
562.97885
562.97886
562.97887
562.97889
562.97893
562.97894
562.97895
562.97897
562.97899
562.97901
562.97902
562.97904
562.97905
562.97906
562.97908
562.97909
562.97913
562.97915
562.97916
562.97917
562.97918
562.97919
562.97921
562.97923
562.97924
562.97925
562.97926
562.97927
562.97928
562.97929
562.97932
562.97934
562.97936
562.97945
562.97946
562.97947
562.97951
562.97952
562.97953
562.97954
562.97957
562.97958
562.97959
562.97961
562.97962
562.97963
562.97965
562.97966
562.97967
562.97969
562.97971
562.97972
562.97973
562.97975
562.97976
562.97977
562.97979
562.97982
562.97983
562.97984
562.97985
562.97986
562.97989
562.9799
562.97991
562.97994
562.97995
562.97996
562.97998
562.97999
562.98003
562.98005
562.98006
562.98007
562.98013
562.98015
562.98016
562.98017
562.98018
562.98022
562.98023
562.98024
562.98025
562.98026
562.98027
562.98028
562.98029
562.98031
562.98032
562.98033
562.98035
562.98036
562.98037
562.98038
562.98042
562.98044
562.98046
562.98047
562.98048
562.98049
562.98052
562.98053
562.98056
562.98057
562.98061
562.98062
562.98064
562.98065
562.98067
562.98069
562.98071
562.98072
562.98076
562.98077
562.98078
562.98081
562.98082
562.98084
562.98085
562.98088
562.98089
562.98091
562.98094
562.98095
562.98096
562.98097
562.98098
562.98102
562.98103
562.98105
562.98106
562.98112
562.98113
562.98114
562.98115
562.98116
562.98118
562.98119
562.98121
562.98124
562.98125
562.98126
562.98127
562.98128
562.98131
562.98132
562.98133
562.98135
562.98136
562.98137
562.98139
562.98141
562.98142
562.98144
562.98149
562.98151
562.98154
562.98155
562.98156
562.98157
562.98158
562.98159
562.98161
562.98163
562.98165
562.98166
562.98167
562.98168
562.98169
562.98171
562.98172
562.98173
562.98174
562.98175
562.98176
562.98177
562.98179
562.98181
562.98182
562.98184
562.98186
562.98187
562.98188
562.98189
562.98191
562.98192
562.98193
562.98194
562.98197
562.98201
562.98202
562.98203
562.98204
562.98205
562.98206
562.98207
562.98208
562.98211
562.98213
562.98214
562.98215
562.98216
562.98217
562.98221
562.98223
562.98224
562.98225
562.98226
562.98227
562.98228
562.98231
562.98232
562.98233
562.98235
562.98236
562.98239
562.98241
562.98243
562.98245
562.98246
562.98247
562.98248
562.98251
562.98252
562.98254
562.98255
562.98256
562.98257
562.98258
562.98259
562.98261
562.98263
562.98264
562.98265
562.98266
562.98267
562.98268
562.98269
562.98271
562.98272
562.98273
562.98274
562.98275
562.98276
562.98277
562.98281
562.98282
562.98283
562.98284
562.98285
562.98286
562.98288
562.98291
562.98292
562.98293
562.98295
562.98296
562.98297
562.98298
562.98299
562.98304
562.98305
562.98307
562.98308
562.98309
562.98313
562.98314
562.98315
562.98316
562.98318
562.98319
562.98321
562.98325
562.98327
562.98328
562.98331
562.98334
562.98335
562.98337
562.98339
562.98342
562.98343
562.98345
562.98346
562.98347
562.98349
562.9835
562.98352
562.98353
562.98354
562.98355
562.98356
562.98357
562.98358
562.98359
562.98361
562.98363
562.98364
562.98365
562.98366
562.98367
562.98368
562.98369
562.98371
562.98372
562.98373
562.98374
562.98375
562.98377
562.98378
562.98386
562.98387
562.98388
562.98392
562.98393
562.98394
562.98396
562.98397
562.98402
562.98403
562.98408
562.98409
562.98411
562.98412
562.98413
562.98414
562.98415
562.98416
562.98418
562.98421
562.98422
562.98423
562.98425
562.98426
562.98428
562.98429
562.98431
562.98432
562.98433
562.98434
562.98435
562.98436
562.98437
562.98439
562.98443
562.98444
562.98446
562.98448
562.98449
562.98452
562.98455
562.98457
562.98458
562.98459
562.98461
562.98462
562.98465
562.98466
562.98467
562.98468
562.98469
562.98473
562.98474
562.98476
562.98477
562.98482
562.98483
562.98485
562.98486
562.98487
562.98488
562.98489
562.98491
562.98492
562.98493
562.98494
562.98495
562.98496
562.98497
562.98498
562.98499
562.98501
562.98502
562.98503
562.98504
562.98505
562.98507
562.98508
562.98509
562.98512
562.98513
562.98514
562.98518
562.98519
562.98521
562.98522
562.98523
562.98524
562.98527
562.98528
562.98529
562.98532
562.98533
562.98534
562.98535
562.98537
562.98538
562.98539
562.98541
562.98542
562.98544
562.98545
562.98547
562.98548
562.98549
562.98552
562.98554
562.98556
562.98559
562.98561
562.98562
562.98563
562.98567
562.98568
562.98569
562.98571
562.98572
562.98573
562.98576
562.98577
562.98579
562.98581
562.98584
562.98585
562.98586
562.98591
562.98593
562.98594
562.98595
562.98596
562.98599
562.98601
562.98602
562.98605
562.98606
562.98607
562.98608
562.98612
562.98613
562.98614
562.98617
562.98619
562.98621
562.98622
562.98623
562.98624
562.98627
562.98628
562.98629
562.98632
562.98633
562.98635
562.98636
562.98637
562.98638
562.98641
562.98642
562.98643
562.98645
562.98646
562.98647
562.98649
562.98651
562.98653
562.98654
562.98655
562.98658
562.98659
562.98661
562.98663
562.98664
562.98665
562.98667
562.98668
562.98669
562.98671
562.98672
562.98673
562.98675
562.98676
562.98677
562.98678
562.98681
562.98683
562.98685
562.98687
562.98688
562.98689
562.98693
562.98694
562.98695
562.98696
562.98697
562.98698
562.98705
562.98707
562.98709
562.98712
562.98713
562.98714
562.98715
562.98718
562.98721
562.98722
562.98724
562.98725
562.98726
562.98728
562.98731
562.98733
562.98734
562.98735
562.98736
562.98738
562.98739
562.98741
562.98744
562.98745
562.98746
562.98748
562.98749
562.98751
562.98752
562.98753
562.98754
562.98756
562.98758
562.98759
562.98761
562.98762
562.98763
562.98764
562.98766
562.98768
562.98769
562.98771
562.98772
562.98773
562.98774
562.98775
562.98777
562.98778
562.98779
562.98781
562.98782
562.98783
562.98784
562.98786
562.98788
562.98789
562.98791
562.98794
562.98795
562.98797
562.98798
562.98799
562.98801
562.98802
562.98804
562.98805
562.98807
562.98808
562.98809
562.98813
562.98818
562.98819
562.98821
562.98822
562.98826
562.98827
562.98829
562.98831
562.98833
562.98834
562.98836
562.98837
562.98838
562.98841
562.98843
562.98844
562.98846
562.98847
562.98848
562.98851
562.98852
562.98853
562.98855
562.98856
562.98857
562.98858
562.98863
562.98866
562.98867
562.98868
562.98869
562.98871
562.98872
562.98873
562.98874
562.98876
562.98877
562.98878
562.98879
562.98881
562.98883
562.98884
562.98885
562.98886
562.98887
562.98888
562.98889
562.98891
562.98896
562.98897
562.98898
562.98899
562.98901
562.98902
562.98904
562.98905
562.98906
562.98907
562.98908
562.98909
562.98911
562.98913
562.98914
562.98915
562.98916
562.98917
562.98918
562.98919
562.98922
562.98923
562.98924
562.98925
562.98926
562.98927
562.98929
562.98932
562.98933
562.98935
562.98936
562.98937
562.98938
562.98939
562.98944
562.98945
562.98946
562.98947
562.98948
562.98949
562.98952
562.98953
562.98955
562.98956
562.98958
562.98961
562.98962
562.98964
562.98965
562.98966
562.98967
562.98971
562.98972
562.98974
562.98977
562.98978
562.98981
562.98983
562.98984
562.98985
562.98986
562.98987
562.98988
562.98989
562.98991
562.98993
562.98994
562.98995
562.98997
562.98998
562.99001
562.99002
562.99005
562.99006
562.99007
562.99008
562.99009
562.99012
562.99013
562.99014
562.99015
562.99016
562.99017
562.99018
562.99019
562.99022
562.99024
562.99025
562.99026
562.99027
562.99028
562.99029
562.99032
562.99033
562.99035
562.99036
562.99041
562.99042
562.99044
562.99045
562.99046
562.99047
562.99049
562.99051
562.99052
562.99053
562.99054
562.99056
562.99057
562.99058
562.99059
562.99062
562.99064
562.99065
562.99067
562.99071
562.99072
562.99073
562.99075
562.99076
562.99077
562.99079
562.99081
562.99082
562.99083
562.99084
562.99086
562.99087
562.99089
562.99092
562.99093
562.99094
562.99096
562.99097
562.99098
562.99099
562.99101
562.99102
562.99103
562.99104
562.99106
562.99107
562.99111
562.99112
562.99113
562.99114
562.99115
562.99116
562.99123
562.99124
562.99125
562.99127
562.99128
562.99131
562.99132
562.99133
562.99134
562.99138
562.99139
562.99141
562.99142
562.99145
562.99147
562.99148
562.99149
562.99151
562.99155
562.99157
562.99158
562.99159
562.99161
562.99163
562.99164
562.99166
562.99167
562.99168
562.99169
562.99171
562.99172
562.99173
562.99174
562.99176
562.99178
562.99179
562.99181
562.99184
562.99185
562.99186
562.99187
562.99189
562.99191
562.99193
562.99195
562.99198
562.99202
562.99203
562.99204
562.99205
562.99206
562.99207
562.99208
562.99211
562.99213
562.99215
562.99216
562.99217
562.99219
562.99221
562.99223
562.99224
562.99225
562.99226
562.99228
562.99234
562.99235
562.99242
562.99243
562.99244
562.99245
562.99246
562.99247
562.99248
562.99249
562.99253
562.99256
562.99257
562.99258
562.99259
562.99261
562.99263
562.99272
562.99273
562.99274
562.99275
562.99276
562.99277
562.99278
562.99279
562.99283
562.99285
562.99289
562.99291
562.99293
562.99294
562.99297
562.99298
562.99302
562.99303
562.99304
562.99305
562.99307
562.99308
562.99309
562.99312
562.99314
562.99315
562.99316
562.99322
562.99323
562.99324
562.99325
562.99327
562.99328
562.99332
562.99334
562.99335
562.99337
562.99342
562.99345
562.99346
562.99347
562.99348
562.99351
562.99353
562.99355
562.99358
562.99359
562.99361
562.99363
562.99364
562.99365
562.99368
562.99374
562.99375
562.99376
562.99377
562.99378
562.99382
562.99383
562.99384
562.99385
562.99387
562.99388
562.99389
562.99392
562.99393
562.99395
562.99396
562.99398
562.99399
562.99402
562.99404
562.99405
562.99408
562.99411
562.99412
562.99413
562.99415
562.99416
562.99418
562.99419
562.99421
562.99422
562.99424
562.99425
562.99426
562.99431
562.99433
562.99434
562.99435
562.99436
562.99437
562.99438
562.99439
562.99441
562.99442
562.99443
562.99444
562.99445
562.99446
562.99447
562.99448
562.99452
562.99453
562.99454
562.99455
562.99456
562.99457
562.99458
562.99459
562.99464
562.99465
562.99467
562.99469
562.99471
562.99472
562.99473
562.99474
562.99475
562.99476
562.99477
562.99479
562.99481
562.99482
562.99484
562.99485
562.99486
562.99488
562.99491
562.99492
562.99495
562.99497
562.99498
562.99501
562.99502
562.99503
562.99504
562.99507
562.99508
562.99509
562.99512
562.99513
562.99515
562.99516
562.99521
562.99522
562.99523
562.99526
562.99527
562.99529
562.99532
562.99533
562.99535
562.99536
562.99538
562.99541
562.99542
562.99545
562.99546
562.99547
562.99549
562.99552
562.99553
562.99555
562.99556
562.99557
562.99562
562.99564
562.99565
562.99566
562.99567
562.99568
562.99569
562.99571
562.99572
562.99574
562.99576
562.99577
562.99579
562.99585
562.99588
562.99591
562.99592
562.99593
562.99594
562.99596
562.99597
562.99598
562.99602
562.99604
562.99606
562.99607
562.99608
562.99611
562.99613
562.99615
562.99616
562.99618
562.99622
562.99623
562.99626
562.99629
562.99633
562.99634
562.99637
562.99641
562.99643
562.99644
562.99645
562.99648
562.99649
562.9965
562.99653
562.99656
562.99657
562.99659
562.99662
562.99664
562.99666
562.99667
562.99669
562.99671
562.99674
562.99675
562.99677
562.99679
562.99681
562.99683
562.99684
562.99685
562.99687
562.99688
562.99689
562.99692
562.99694
562.99696
562.99697
562.99698
562.99701
562.99702
562.99704
562.99708
562.99709
562.99711
562.99712
562.99713
562.99714
562.99715
562.99716
562.99717
562.99719
562.99721
562.99722
562.99727
562.99728
562.99734
562.99735
562.99736
562.99738
562.99739
562.99741
562.99742
562.99743
562.99744
562.99746
562.99748
562.99751
562.99752
562.99753
562.99755
562.99757
562.99759
562.99761
562.99762
562.99764
562.99766
562.99767
562.99769
562.99772
562.99773
562.99774
562.99775
562.99776
562.99778
562.99781
562.99782
562.99783
562.99784
562.99788
562.99789
562.99792
562.99793
562.99794
562.99795
562.99797
562.99798
562.99799
562.99801
562.99802
562.99803
562.99804
562.99805
562.99808
562.99809
562.99811
562.99812
562.99813
562.99814
562.99816
562.99817
562.99819
562.99822
562.99823
562.99824
562.99825
562.99826
562.99827
562.99828
562.99829
562.99831
562.99832
562.99833
562.99835
562.99836
562.99839
562.99842
562.99843
562.99844
562.99845
562.99851
562.99854
562.99855
562.99856
562.99857
562.99858
562.99859
562.99862
562.99864
562.99865
562.99866
562.99868
562.99869
562.99871
562.99874
562.99875
562.99877
562.99882
562.99883
562.99884
562.99886
562.99887
562.99889
562.99893
562.99895
562.99897
562.99898
562.99899
562.99901
562.99902
562.99903
562.99904
562.99906
562.99908
562.99909
562.99911
562.99912
562.99913
562.99914
562.99915
562.99916
562.99917
562.99918
562.99922
562.99923
562.99924
562.99925
562.99927
562.99929
562.99932
562.99933
562.99934
562.99935
562.99936
562.99937
562.99938
562.99943
562.99945
562.99946
562.99948
562.99951
562.99952
562.99953
562.99954
562.99955
562.99957
562.99959
562.99961
562.99962
562.99963
562.99964
562.99965
562.99966
562.99967
562.99969
562.99972
562.99973
562.99974
562.99976
562.99978
562.99982
562.99983
562.99984
562.99987
562.99988
562.99989
562.99991
562.99993
562.99994
562.99997
562.99998
562.99999
569579.3
574521.7
585035.6
585055.56
585397.9
591946.4
591946.44
655817.3
656382.3
656387.3
656388.3
656390.3
656392.3
656394.3
656395.3
656398.3
656399.3
656403.3
656407.3
656417.3
656424.3
656431.3
656440.3
656448.3
670897.3
670899.3
685038.3
714962.3
749528.3
749529.3
749530.3
749536.3
749541.3
749542.3
749546.3
749550.3
752783.3
752789.15
752789.3
753642.3
866789.18
866789.29
866789.6
866789.7
868133.3
868134.3
868135.3
868136.3
868137.3
868138.3
868139.3
868140.3
868141.3
868142.3
869685.4
869692.4
869693.5
869729.3
885275.3
885276.3
941280.11
941280.12
941280.13
941280.14
941280.15
941280.16
941280.17
941280.18
941280.19
941280.21
941280.22
941280.23
941280.24
941280.25
941280.26
941280.27
941280.28
941280.29
941280.3
941280.31
941280.32
941280.33
941280.34
941280.6
941280.7
941280.8
941280.9
941322.108
941322.131
941322.132
941322.134
941322.135
941322.136
941322.137
941322.138
941322.139
941322.141
941322.142
941322.143
941322.144
941322.145
941322.146
941322.147
941322.148
941322.149
941322.151
941322.152
941322.153
941322.159
941322.161
941322.168
941322.169
941322.171
941322.172
941322.173
941322.174
941322.175
941322.176
941322.177
941322.178
941322.179
941322.181
941322.182
941322.183
941322.184
941322.19
941322.6
945433.3
993513.3
 
