1009714.25
1009714.6
1009714.7
1051003.3
1051004.3
1051005.3
1078464.3
1081927.11
1081927.4
1089456.3
1093787.3
1118159.3
1123015.3
1123015.5
1125697.3
1131757.3
1131758.3
1134459.3
1146882.3
1147787.3
1158200.3
1158200.4
1163392.3
1163395.3
1163395.4
1163395.5
1163395.6
1163396.3
1163396.5
1168061.3
1169413.3
1191475.3
1193501.3
1198629.3
1208103.3
1211113.3
1214916.3
1231930.3
1231931.3
1231932.3
1231933.3
1279007.3
1279008.3
1280938.3
1285581.3
1286151.3
1295076.3
1306165.3
1315978.3
1328315.3
1331059.3
1333542.4
1333550.3
1333855.3
1336203.3
1339263.3
1339264.3
1339265.3
1340851.3
1341644.3
1341645.3
1348339.3
1348564.3
1352354.3
1352355.3
1356855.3
1365008.3
1365009.3
1365010.3
1365011.3
1367493.3
1367494.3
1400868.3
1402485.3
1402486.3
1402487.3
1402488.3
1402489.3
1402490.3
1402491.3
1402492.3
1402493.3
1402494.3
1402495.3
1402496.3
1402497.3
1402498.3
1402499.3
1402500.3
1402501.3
1402502.3
1402503.3
1402504.3
1402505.4
1402506.3
1402507.3
1402508.3
1402509.3
1402510.3
1402511.3
1402512.3
1402513.3
1402514.3
1402515.3
1402516.3
1402517.3
1402518.3
1402519.3
1402520.3
1402521.3
1402522.3
1402523.3
1402524.3
1402525.3
1402526.3
1402527.3
1402528.3
1402529.3
1402530.3
1402531.3
1402532.3
1402533.3
1402534.3
1402535.3
1402536.3
1402537.3
1402538.3
1402539.3
1402540.3
1402541.3
1402542.3
1402543.3
1402544.3
1402545.3
1402546.3
1402547.3
1402548.3
1402549.3
1402550.3
1402551.3
1402552.3
1402553.3
1402554.3
1402555.3
1402556.3
1402557.3
1402558.3
1402559.3
1402560.3
1402561.3
1402562.3
1402563.3
1402564.3
1402565.3
1402566.3
1402567.3
1402568.3
1402569.3
1402570.3
1402571.3
1402572.3
1402573.3
1402574.3
1402575.3
1402576.3
1402577.3
1402578.3
1402579.3
1402580.3
1402581.3
1407649.3
1408193.3
1408207.3
1408208.3
1408271.3
1408272.3
1408273.3
1408274.3
1408275.3
1408276.3
1408277.3
1410037.3
1410038.4
1411700.4
1411701.3
1415629.8
1416756.3
1418235.3
1418236.3
1418237.3
1418238.3
1418239.3
1418240.3
1418241.3
1418242.3
1418243.3
1418244.3
1418245.3
1418246.3
1418247.3
1418248.3
1421531.3
1423141.3
1424337.3
1427342.3
1431713.3
1434267.3
1437873.3
1437873.4
1441459.3
1441460.3
1441462.3
1441928.3
1441931.3
1443105.3
1443105.4
1447528.3
1447529.3
1447530.3
1447531.3
1447532.3
1447533.3
1447534.3
1447535.3
1447536.3
1447537.3
1447538.3
1447539.3
1447540.3
1447541.3
1447543.3
1447544.3
1448140.3
1449980.3
1457194.3
1457392.3
208963.12
208963.54
208964.12
208964.381
208964.382
208964.383
208964.384
208964.385
208964.386
208964.387
208964.388
208964.389
208964.479
208964.488
208964.509
287.10002
287.10003
287.10004
287.10005
287.10006
287.10007
287.10009
287.1001
287.10012
287.10014
287.10015
287.10016
287.10017
287.10018
287.10019
287.1002
287.10021
287.10022
287.10023
287.10024
287.10025
287.10026
287.10027
287.10028
287.1003
287.10031
287.10032
287.10033
287.10034
287.10035
287.10036
287.10037
287.10038
287.10039
287.1004
287.10041
287.10042
287.10043
287.10044
287.10045
287.10046
287.10047
287.10048
287.10049
287.1005
287.10051
287.10052
287.10053
287.10054
287.10055
287.10056
287.10057
287.10058
287.10059
287.1006
287.1007
287.1008
287.1009
287.1011
287.1012
287.1013
287.10136
287.10137
287.10138
287.10139
287.1014
287.10142
287.10143
287.10144
287.10146
287.10147
287.10148
287.10149
287.1015
287.10155
287.10157
287.10158
287.10159
287.1016
287.10161
287.10162
287.1017
287.1018
287.1019
287.1021
287.1022
287.1023
287.1024
287.1025
287.1026
287.1027
287.10273
287.10274
287.10275
287.10277
287.10278
287.1028
287.10281
287.10282
287.10284
287.10285
287.10286
287.10287
287.10288
287.10289
287.1029
287.10291
287.10292
287.10293
287.10294
287.10295
287.10296
287.10297
287.10298
287.1031
287.1033
287.1034
287.1035
287.1036
287.1037
287.1038
287.1039
287.10391
287.10392
287.10393
287.10394
287.10395
287.10396
287.10397
287.10398
287.10399
287.10401
287.10402
287.10403
287.10404
287.10405
287.10406
287.10407
287.10408
287.10409
287.1041
287.10411
287.10412
287.10413
287.10414
287.10415
287.10416
287.10417
287.10418
287.10419
287.1042
287.10421
287.10423
287.10424
287.10425
287.10426
287.10427
287.10428
287.10429
287.1043
287.10432
287.10433
287.10434
287.10435
287.10436
287.10438
287.10439
287.1044
287.10441
287.10442
287.10444
287.10445
287.1045
287.1046
287.1047
287.1048
287.1049
287.1051
287.1052
287.1053
287.1054
287.1055
287.1056
287.10561
287.10563
287.10564
287.10566
287.10567
287.10568
287.10569
287.1057
287.10571
287.10572
287.10573
287.10574
287.10575
287.1058
287.1059
287.1061
287.1062
287.10627
287.10628
287.10629
287.1063
287.10631
287.10632
287.10633
287.10634
287.10635
287.10636
287.10637
287.10638
287.10639
287.1064
287.10641
287.10642
287.10643
287.10644
287.10645
287.10646
287.1065
287.1066
287.1067
287.1068
287.1069
287.1071
287.1072
287.1073
287.1074
287.1075
287.1076
287.1077
287.1078
287.1079
287.1081
287.1082
287.1083
287.1084
287.1085
287.1086
287.1087
287.1088
287.1089
287.10891
287.1091
287.1092
287.1093
287.1094
287.1095
287.1096
287.1097
287.1098
287.1099
287.1101
287.1102
287.1103
287.1104
287.1105
287.1106
287.11062
287.11063
287.11065
287.11066
287.11067
287.1107
287.1108
287.1109
287.11091
287.11092
287.11093
287.11094
287.11095
287.11096
287.11097
287.11098
287.11099
287.11101
287.11102
287.11103
287.11104
287.11105
287.11106
287.11107
287.11108
287.11109
287.1111
287.11111
287.11112
287.11113
287.11114
287.11115
287.11116
287.11117
287.11118
287.11119
287.1112
287.11121
287.11122
287.11123
287.11124
287.11125
287.11126
287.11127
287.11128
287.11129
287.1113
287.11131
287.11132
287.11133
287.11134
287.11135
287.11136
287.11137
287.11138
287.11139
287.1114
287.11141
287.11142
287.11143
287.11144
287.11145
287.11146
287.11147
287.11148
287.11149
287.1115
287.11151
287.11152
287.11153
287.11154
287.11155
287.11156
287.11157
287.11158
287.11159
287.1116
287.11161
287.11162
287.11163
287.11164
287.11165
287.11166
287.11167
287.11168
287.11169
287.1117
287.11171
287.11172
287.11173
287.11174
287.11175
287.11176
287.11177
287.11178
287.11179
287.1118
287.11181
287.11182
287.11183
287.11184
287.11186
287.11187
287.11188
287.11189
287.1119
287.1121
287.1122
287.1123
287.1124
287.1125
287.1126
287.1127
287.1128
287.1129
287.1131
287.1132
287.1133
287.1134
287.1135
287.1136
287.1137
287.1138
287.1139
287.1141
287.1142
287.1143
287.1144
287.1145
287.1146
287.1147
287.1148
287.1149
287.1151
287.1152
287.11527
287.11528
287.11529
287.1153
287.11531
287.11532
287.11533
287.11534
287.11535
287.11536
287.11537
287.11538
287.11539
287.1154
287.11541
287.11542
287.11543
287.11544
287.11545
287.11546
287.11547
287.11548
287.11549
287.1155
287.11551
287.11552
287.11553
287.11554
287.11555
287.11556
287.11557
287.11558
287.11559
287.1156
287.11561
287.11562
287.11563
287.11564
287.11565
287.11566
287.11567
287.11568
287.11569
287.1157
287.11571
287.11572
287.11573
287.11574
287.11575
287.11576
287.11577
287.11578
287.11579
287.1158
287.11581
287.11582
287.11583
287.11584
287.11585
287.11586
287.11587
287.11588
287.11589
287.1159
287.11591
287.11592
287.11593
287.11594
287.11595
287.11596
287.11597
287.11598
287.11599
287.11601
287.11602
287.1161
287.1162
287.1163
287.1164
287.1165
287.1166
287.1167
287.1168
287.1169
287.1171
287.1172
287.1173
287.11738
287.11739
287.1174
287.11741
287.11742
287.11743
287.11744
287.11745
287.11746
287.11747
287.11748
287.11749
287.1175
287.11751
287.11752
287.11753
287.11754
287.11755
287.11756
287.11757
287.11758
287.11759
287.1176
287.11761
287.11762
287.11763
287.11764
287.11765
287.11766
287.11767
287.11768
287.11769
287.1177
287.11771
287.1178
287.1179
287.1181
287.1182
287.1183
287.1184
287.1185
287.1186
287.1187
287.1188
287.1189
287.11891
287.11892
287.11893
287.11894
287.11895
287.11896
287.11897
287.11901
287.11902
287.11903
287.11904
287.11905
287.11906
287.11907
287.11908
287.11909
287.1191
287.11911
287.11912
287.11913
287.11914
287.11916
287.11918
287.1192
287.11921
287.11922
287.11923
287.11924
287.11925
287.11926
287.11927
287.11928
287.11929
287.1193
287.11931
287.11932
287.11933
287.11935
287.11938
287.11939
287.1194
287.11941
287.11942
287.11943
287.11944
287.11945
287.11946
287.11947
287.11948
287.11949
287.1195
287.11951
287.11954
287.11956
287.11957
287.11959
287.1196
287.11961
287.11962
287.11963
287.11964
287.11965
287.11966
287.11967
287.11968
287.11969
287.1197
287.11971
287.11972
287.11973
287.11974
287.11975
287.11976
287.11977
287.11978
287.1198
287.11981
287.11982
287.11983
287.11984
287.11985
287.11986
287.11987
287.11989
287.1199
287.11991
287.11992
287.11993
287.11994
287.11995
287.11997
287.11999
287.12001
287.12002
287.12003
287.12004
287.12005
287.12007
287.12008
287.12009
287.1201
287.12012
287.12013
287.12014
287.12015
287.12016
287.12017
287.12019
287.1202
287.12021
287.12022
287.12023
287.12025
287.12026
287.12027
287.12028
287.12029
287.1203
287.12032
287.12033
287.12034
287.12035
287.12038
287.12039
287.1204
287.12041
287.12043
287.12044
287.12046
287.12048
287.12049
287.1205
287.12052
287.12053
287.12055
287.12056
287.12057
287.12059
287.1206
287.12061
287.12062
287.1207
287.1208
287.12088
287.12089
287.1209
287.12091
287.12092
287.12093
287.12094
287.12095
287.12096
287.12097
287.12098
287.12099
287.12101
287.12102
287.12103
287.12104
287.12105
287.12106
287.12107
287.12108
287.12109
287.1211
287.12111
287.12112
287.12113
287.12114
287.12115
287.12116
287.12117
287.12118
287.12119
287.1212
287.1213
287.1214
287.1215
287.1216
287.1217
287.1218
287.1219
287.1221
287.1222
287.1223
287.1224
287.1225
287.1226
287.1227
287.1228
287.1229
287.1231
287.1232
287.1233
287.1234
287.1235
287.1236
287.1237
287.1238
287.1239
287.1241
287.1242
287.1243
287.1244
287.12441
287.12443
287.12444
287.12445
287.12446
287.12447
287.12448
287.12449
287.1245
287.12451
287.12452
287.12453
287.12454
287.12455
287.12456
287.12457
287.12458
287.12459
287.1246
287.12461
287.12462
287.12463
287.12464
287.12465
287.12466
287.12467
287.12468
287.12469
287.1247
287.12471
287.12472
287.12473
287.12474
287.12475
287.12476
287.12477
287.12478
287.12479
287.1248
287.12481
287.12482
287.12483
287.12484
287.12485
287.12486
287.12487
287.12488
287.12489
287.1249
287.12491
287.12492
287.12493
287.12494
287.12495
287.12496
287.12497
287.12498
287.12499
287.12501
287.12502
287.12503
287.12504
287.12505
287.12506
287.12507
287.12508
287.12509
287.12511
287.12512
287.12513
287.12514
287.12515
287.12516
287.12517
287.12518
287.12519
287.12521
287.12522
287.12523
287.12524
287.12525
287.12526
287.12527
287.12528
287.12529
287.12531
287.12532
287.12533
287.12534
287.12535
287.12536
287.12537
287.12538
287.12539
287.12541
287.12542
287.12543
287.12544
287.12545
287.12546
287.12547
287.12548
287.12549
287.12551
287.12552
287.12553
287.12554
287.12555
287.12556
287.12557
287.12558
287.12559
287.12561
287.12562
287.12563
287.12564
287.12565
287.12566
287.12567
287.12568
287.12569
287.12571
287.12572
287.12573
287.12574
287.12575
287.12576
287.12577
287.12578
287.12579
287.12581
287.12582
287.12583
287.12584
287.12585
287.12586
287.12587
287.12588
287.12589
287.12591
287.12592
287.12593
287.12594
287.12595
287.12596
287.12597
287.12598
287.12599
287.12601
287.12602
287.12603
287.12604
287.12605
287.12606
287.12607
287.12608
287.12609
287.12611
287.12612
287.12613
287.12614
287.12615
287.12616
287.12617
287.12618
287.12619
287.12621
287.12622
287.12623
287.12624
287.12625
287.12626
287.12627
287.12628
287.12629
287.12631
287.12632
287.12633
287.12634
287.12635
287.12636
287.12637
287.12638
287.12639
287.12641
287.12642
287.12643
287.12644
287.12645
287.12646
287.12647
287.12648
287.12649
287.12651
287.12652
287.12653
287.12654
287.12655
287.12656
287.12657
287.12658
287.12659
287.12661
287.12662
287.12663
287.12664
287.12665
287.12666
287.12667
287.12668
287.12669
287.12671
287.12672
287.12673
287.12674
287.12675
287.12676
287.12678
287.12679
287.12681
287.12682
287.12683
287.12684
287.12685
287.12686
287.12687
287.12688
287.12689
287.12691
287.12692
287.12693
287.12694
287.12695
287.12696
287.12697
287.12698
287.12699
287.12701
287.12702
287.12703
287.12704
287.12705
287.12706
287.12707
287.12708
287.12709
287.12711
287.12712
287.12713
287.12714
287.12715
287.12716
287.12717
287.12718
287.12719
287.12721
287.12722
287.12723
287.12725
287.12726
287.12727
287.12728
287.12729
287.12731
287.12732
287.12733
287.12734
287.12735
287.12736
287.12737
287.12738
287.12739
287.12741
287.12742
287.12743
287.12744
287.12745
287.12746
287.12747
287.12748
287.12749
287.12751
287.12752
287.12753
287.12754
287.12755
287.12756
287.12757
287.12758
287.12759
287.12764
287.12765
287.12766
287.12767
287.12768
287.12769
287.12771
287.12772
287.12773
287.12774
287.12775
287.12776
287.12777
287.12778
287.12779
287.12781
287.12782
287.12783
287.12784
287.12785
287.12786
287.12787
287.12788
287.12789
287.12791
287.12792
287.12793
287.12794
287.12795
287.12796
287.12797
287.12798
287.12799
287.12801
287.12802
287.12803
287.12804
287.12805
287.12806
287.12807
287.12808
287.12809
287.12811
287.12812
287.12813
287.12814
287.12815
287.12816
287.12817
287.12818
287.12819
287.12821
287.12822
287.12823
287.12824
287.12825
287.12826
287.12827
287.12828
287.12829
287.12831
287.12832
287.12833
287.12834
287.12835
287.12836
287.12837
287.12838
287.12839
287.12841
287.12842
287.12843
287.12844
287.12845
287.12846
287.12847
287.12848
287.12849
287.12851
287.12852
287.12853
287.1301
287.1302
287.1304
287.1306
287.1307
287.1308
287.1309
287.13252
287.13254
287.13255
287.13256
287.13257
287.13258
287.13259
287.13261
287.13262
287.13263
287.13264
287.13265
287.13266
287.13267
287.13268
287.13269
287.13271
287.13272
287.13273
287.13274
287.13275
287.13276
287.13285
287.13288
287.13289
287.13297
287.13298
287.13299
287.13302
287.13306
287.13307
287.13311
287.13312
287.13318
287.13332
287.13333
287.13334
287.13335
287.13336
287.13337
287.13338
287.13699
287.13702
287.13703
287.13704
287.13705
287.13706
287.13707
287.13708
287.13709
287.13711
287.13712
287.13713
287.13714
287.13715
287.13716
287.13717
287.13718
287.13719
287.13722
287.13723
287.13724
287.13725
287.13726
287.13727
287.13728
287.13729
287.13731
287.13732
287.13733
287.13734
287.13735
287.13842
287.13843
287.13844
287.13845
287.13846
287.13847
287.13848
287.13849
287.13851
287.13852
287.13853
287.13854
287.13855
287.13856
287.13858
287.13859
287.13861
287.13862
287.13863
287.14026
287.14027
287.14045
287.14046
287.14047
287.14048
287.14049
287.14051
287.14052
287.14053
287.14054
287.14055
287.14056
287.14057
287.14058
287.14059
287.14061
287.14062
287.14063
287.14064
287.14065
287.14066
287.14067
287.14068
287.14069
287.14071
287.14256
287.14257
287.14258
287.14259
287.14261
287.14262
287.14263
287.14264
287.14265
287.14266
287.14267
287.14268
287.14269
287.14271
287.14272
287.14273
287.14274
287.14275
287.14276
287.14277
287.14278
287.14281
287.14282
287.14283
287.14284
287.14285
287.14378
287.14379
287.14381
287.14382
287.14383
287.14384
287.14385
287.14386
287.14387
287.14388
287.14389
287.14391
287.14392
287.14393
287.14394
287.14395
287.14396
287.14397
287.14398
287.14399
287.14401
287.14402
287.14403
287.14404
287.14405
287.14406
287.14407
287.14408
287.14409
287.14411
287.14412
287.14413
287.14414
287.14415
287.14416
287.14417
287.14418
287.14419
287.14421
287.14422
287.14423
287.14424
287.14425
287.14426
287.14427
287.14428
287.14429
287.14431
287.14432
287.14434
287.14435
287.14437
287.14438
287.14439
287.14441
287.14442
287.14443
287.14444
287.14446
287.14447
287.14448
287.14449
287.14451
287.14452
287.14453
287.14454
287.14455
287.14456
287.14457
287.14458
287.14459
287.14461
287.14462
287.14463
287.14464
287.14465
287.14466
287.14467
287.14468
287.14469
287.14471
287.14472
287.14473
287.14474
287.14475
287.14476
287.14477
287.14478
287.14481
287.14482
287.14483
287.14484
287.14489
287.14491
287.14492
287.14493
287.14494
287.14495
287.14496
287.14497
287.14498
287.14499
287.14501
287.14502
287.14503
287.14504
287.14505
287.14506
287.14507
287.14508
287.14509
287.14511
287.14512
287.14513
287.14514
287.14515
287.14516
287.14517
287.14518
287.14519
287.14521
287.14522
287.14523
287.14524
287.14525
287.14526
287.14527
287.14719
287.14721
287.14722
287.14723
287.14724
287.14725
287.14726
287.14727
287.14728
287.14729
287.14731
287.14732
287.14733
287.14734
287.14735
287.14738
287.14739
287.14741
287.14742
287.14743
287.14744
287.14745
287.14747
287.14748
287.14749
287.14751
287.14752
287.14753
287.14754
287.14755
287.14756
287.14757
287.14758
287.14759
287.14761
287.14762
287.14763
287.14764
287.14765
287.14766
287.14767
287.14768
287.14769
287.1477
287.14771
287.14772
287.14773
287.14774
287.14775
287.14776
287.14777
287.14778
287.14779
287.14781
287.14782
287.14783
287.14784
287.14785
287.14786
287.14787
287.14788
287.14789
287.1479
287.14791
287.14792
287.14793
287.14794
287.14795
287.14796
287.14797
287.14798
287.14799
287.14801
287.14802
287.14803
287.14804
287.14805
287.14806
287.14807
287.14808
287.14809
287.1481
287.14813
287.14814
287.14815
287.14816
287.14817
287.14818
287.14819
287.1482
287.14821
287.14822
287.14823
287.14824
287.14825
287.14826
287.14827
287.14828
287.14829
287.1483
287.14831
287.14832
287.1484
287.14843
287.14844
287.14845
287.1485
287.1486
287.1488
287.1489
287.1491
287.1494
287.1495
287.1497
287.1498
287.1499
287.1502
287.1503
287.1506
287.1507
287.1508
287.1516
287.1517
287.1518
287.1519
287.1521
287.15216
287.15217
287.15218
287.15219
287.1522
287.15221
287.15223
287.15224
287.15225
287.15226
287.15227
287.15228
287.15229
287.1523
287.15231
287.15232
287.15233
287.15234
287.15235
287.15236
287.15237
287.15238
287.15239
287.1524
287.15241
287.15242
287.15243
287.15244
287.15245
287.15246
287.15247
287.15248
287.15249
287.1525
287.15251
287.15252
287.1526
287.1527
287.1528
287.1529
287.1531
287.1532
287.1533
287.1534
287.1535
287.1536
287.1537
287.1538
287.1539
287.1541
287.1542
287.1543
287.1544
287.1545
287.1546
287.1547
287.1548
287.1549
287.1551
287.1552
287.1553
287.1554
287.1555
287.1556
287.1557
287.1558
287.1559
287.1561
287.1562
287.1563
287.1564
287.1565
287.1566
287.1567
287.1568
287.1569
287.1571
287.1572
287.15723
287.15724
287.15725
287.15726
287.15727
287.15728
287.1573
287.15732
287.15733
287.15734
287.15735
287.15736
287.15737
287.15738
287.15739
287.1574
287.15741
287.15742
287.15743
287.15744
287.15745
287.15746
287.15747
287.15748
287.15749
287.1575
287.15751
287.15752
287.15753
287.1576
287.1577
287.1578
287.1579
287.1581
287.1582
287.1583
287.1584
287.1585
287.15851
287.15852
287.15853
287.15854
287.1586
287.15868
287.15869
287.1587
287.15872
287.15873
287.15874
287.15876
287.15877
287.15879
287.1588
287.15882
287.1589
287.15891
287.15892
287.15893
287.15894
287.15895
287.15897
287.15898
287.15899
287.15901
287.15903
287.15904
287.15905
287.15906
287.15907
287.15908
287.15909
287.1591
287.15911
287.15912
287.15913
287.15914
287.15915
287.15916
287.15917
287.1592
287.15921
287.15922
287.15923
287.15924
287.1593
287.1594
287.1595
287.1596
287.1597
287.1598
287.1599
287.1601
287.1602
287.1603
287.1604
287.1605
287.1606
287.1607
287.1608
287.1609
287.1611
287.1612
287.1613
287.1614
287.1615
287.1616
287.1617
287.1618
287.1619
287.1621
287.1622
287.1623
287.1624
287.1625
287.1626
287.1627
287.1628
287.1629
287.1631
287.1632
287.1633
287.1634
287.1635
287.1636
287.1637
287.1638
287.1639
287.1641
287.1642
287.1643
287.1644
287.1645
287.1646
287.1647
287.1648
287.1649
287.1651
287.16517
287.16518
287.16519
287.1652
287.16521
287.16522
287.16523
287.16524
287.16525
287.16526
287.16527
287.16528
287.16529
287.1653
287.16531
287.16532
287.16533
287.16534
287.16535
287.16536
287.16537
287.16538
287.16539
287.1654
287.16541
287.16542
287.16543
287.16544
287.16545
287.16546
287.16547
287.16548
287.16549
287.1655
287.16551
287.16552
287.16553
287.16554
287.16555
287.16556
287.16557
287.16558
287.16559
287.1656
287.16561
287.16562
287.16563
287.16564
287.16565
287.16566
287.16567
287.16568
287.16569
287.1657
287.16571
287.16572
287.16573
287.16574
287.16575
287.16576
287.16577
287.16578
287.16579
287.1658
287.16581
287.16582
287.16583
287.16584
287.16585
287.16586
287.16587
287.16588
287.16589
287.1659
287.16591
287.16592
287.16593
287.16594
287.16595
287.16596
287.16597
287.16598
287.16599
287.16601
287.16602
287.16603
287.16604
287.16605
287.16606
287.16607
287.16608
287.16609
287.1661
287.16611
287.16612
287.16613
287.16614
287.16615
287.16616
287.16617
287.16618
287.16619
287.1662
287.1663
287.1664
287.1665
287.1666
287.1668
287.1669
287.1671
287.1672
287.1673
287.1674
287.1675
287.1676
287.1677
287.1678
287.1679
287.1681
287.1682
287.1683
287.1684
287.1685
287.1686
287.1687
287.1688
287.1689
287.1691
287.16911
287.16912
287.16913
287.16914
287.16915
287.16916
287.16917
287.16918
287.16919
287.1692
287.16921
287.16922
287.16923
287.16924
287.16925
287.16926
287.16927
287.16928
287.16929
287.1693
287.16931
287.16932
287.16933
287.16934
287.16935
287.16936
287.16937
287.16938
287.16939
287.1694
287.16941
287.16942
287.16943
287.16944
287.16945
287.16946
287.16947
287.16948
287.16949
287.1695
287.16951
287.16952
287.16953
287.16954
287.16955
287.16956
287.16957
287.16958
287.1696
287.16961
287.16962
287.16964
287.16966
287.16967
287.16968
287.16969
287.1697
287.16971
287.16972
287.16973
287.16974
287.16975
287.16976
287.16977
287.16978
287.16979
287.1698
287.16981
287.16982
287.16983
287.16984
287.16985
287.16986
287.16987
287.16988
287.16989
287.1699
287.16991
287.16992
287.16993
287.16994
287.16995
287.16996
287.16997
287.16998
287.16999
287.17001
287.17002
287.17003
287.17004
287.17005
287.17006
287.17007
287.17008
287.17009
287.1701
287.17011
287.17012
287.17013
287.17014
287.17015
287.17016
287.17017
287.17018
287.17019
287.1702
287.17021
287.17022
287.17023
287.17024
287.17025
287.17026
287.17027
287.17028
287.17029
287.1703
287.17031
287.17032
287.17033
287.17034
287.17035
287.17036
287.17037
287.17038
287.17039
287.1704
287.17041
287.17042
287.17043
287.17044
287.17045
287.17046
287.17047
287.17048
287.17049
287.1705
287.17051
287.17052
287.17053
287.1706
287.1707
287.1708
287.1709
287.1711
287.1712
287.1713
287.1714
287.1715
287.1716
287.1717
287.1718
287.1719
287.1721
287.1722
287.1724
287.1725
287.1726
287.1727
287.1728
287.1731
287.1733
287.1734
287.1735
287.1736
287.1739
287.1741
287.1742
287.1743
287.1744
287.1746
287.1752
287.1753
287.1754
287.1755
287.1758
287.1759
287.1761
287.1762
287.17622
287.17623
287.17624
287.17625
287.1763
287.17635
287.17639
287.1764
287.1765
287.17659
287.1766
287.1767
287.1768
287.17681
287.1769
287.17691
287.17694
287.17698
287.17699
287.1771
287.1772
287.1773
287.1774
287.1775
287.1776
287.1777
287.1778
287.1779
287.1781
287.1782
287.1783
287.1784
287.1785
287.1786
287.1787
287.1788
287.1789
287.1791
287.1792
287.1793
287.1794
287.1795
287.1796
287.1797
287.1799
287.1801
287.1802
287.1803
287.1804
287.1805
287.1806
287.1807
287.18073
287.18074
287.18075
287.18076
287.18077
287.18078
287.18079
287.1808
287.18081
287.18082
287.18083
287.18084
287.18085
287.18086
287.18087
287.18088
287.18089
287.1809
287.18091
287.18092
287.18093
287.18094
287.18095
287.18096
287.18097
287.18098
287.18099
287.18101
287.18102
287.18103
287.18104
287.18105
287.18106
287.18107
287.18108
287.18109
287.1811
287.18111
287.18112
287.18113
287.18114
287.18115
287.18116
287.18117
287.18118
287.18119
287.1812
287.18121
287.18122
287.18123
287.18124
287.18125
287.18126
287.18127
287.18128
287.18129
287.1813
287.18131
287.18132
287.18133
287.18134
287.18135
287.18136
287.18137
287.1814
287.1815
287.1816
287.1817
287.1818
287.1819
287.1821
287.1822
287.1823
287.1824
287.18262
287.18264
287.18265
287.18269
287.1827
287.18273
287.18274
287.18275
287.18276
287.18277
287.18278
287.18279
287.1828
287.18281
287.18282
287.18283
287.18284
287.18285
287.18286
287.18287
287.18288
287.18289
287.1829
287.18291
287.18292
287.18293
287.18294
287.18295
287.18296
287.18297
287.18298
287.18299
287.18301
287.18302
287.18303
287.18304
287.18305
287.18306
287.18307
287.18308
287.18309
287.1831
287.18313
287.18314
287.18315
287.18316
287.1832
287.1833
287.1834
287.1835
287.1836
287.1837
287.1838
287.1839
287.1841
287.1842
287.1843
287.1844
287.1845
287.1846
287.1847
287.1848
287.1849
287.1851
287.1852
287.1853
287.1854
287.1855
287.1856
287.1857
287.1858
287.1859
287.1862
287.18647
287.18648
287.1866
287.1868
287.18684
287.18686
287.18687
287.18688
287.18689
287.1869
287.18691
287.18692
287.18694
287.18695
287.18696
287.18697
287.18698
287.18699
287.18701
287.18702
287.18703
287.18704
287.1871
287.1874
287.1875
287.1876
287.1877
287.1878
287.1879
287.1881
287.1882
287.1883
287.1884
287.1885
287.1886
287.1887
287.1888
287.1889
287.1891
287.1892
287.1893
287.1894
287.1895
287.1896
287.1897
287.1898
287.1899
287.1901
287.1902
287.1903
287.1904
287.1905
287.1906
287.1907
287.1908
287.1909
287.1911
287.1912
287.1913
287.1914
287.19147
287.19148
287.19149
287.1915
287.19151
287.19152
287.19153
287.19154
287.19155
287.19156
287.19157
287.19158
287.19159
287.1916
287.19161
287.19162
287.19163
287.19164
287.19165
287.19166
287.19167
287.19168
287.19169
287.1917
287.19171
287.19172
287.19173
287.19174
287.19175
287.19176
287.19177
287.19178
287.19179
287.1918
287.19181
287.19183
287.19184
287.19186
287.19187
287.19188
287.19189
287.1919
287.19191
287.19193
287.19194
287.19195
287.19196
287.19198
287.19199
287.19201
287.19202
287.19204
287.19205
287.19206
287.19207
287.19208
287.19209
287.1921
287.19211
287.19212
287.19213
287.19214
287.19215
287.19216
287.19217
287.19218
287.19219
287.1922
287.19221
287.19222
287.19223
287.19224
287.19225
287.19226
287.19227
287.19228
287.19229
287.1923
287.19231
287.19232
287.19234
287.19235
287.19236
287.19237
287.19238
287.19239
287.1924
287.19241
287.1925
287.1926
287.1927
287.1928
287.1929
287.1931
287.1932
287.1933
287.1934
287.1935
287.1936
287.19361
287.19362
287.19363
287.19364
287.19365
287.19366
287.19367
287.19368
287.19369
287.1937
287.19371
287.19372
287.19373
287.19374
287.19375
287.19376
287.19377
287.19378
287.19379
287.1938
287.19381
287.19382
287.19383
287.19384
287.19385
287.19386
287.19387
287.19388
287.19389
287.1939
287.19391
287.19392
287.19393
287.19394
287.19395
287.19396
287.19397
287.19398
287.19399
287.19401
287.19402
287.19403
287.19404
287.19405
287.19406
287.19407
287.19408
287.19409
287.1941
287.19411
287.19412
287.19413
287.19414
287.19415
287.19416
287.19417
287.19418
287.19419
287.1942
287.19421
287.19422
287.19423
287.19424
287.19425
287.19426
287.19427
287.19428
287.19429
287.1943
287.19431
287.19432
287.19433
287.19434
287.19435
287.19436
287.19437
287.19438
287.19439
287.1944
287.19441
287.19443
287.19444
287.19445
287.19446
287.19447
287.19448
287.19449
287.1945
287.19451
287.19452
287.19453
287.19454
287.19455
287.19456
287.19457
287.19458
287.19459
287.1946
287.19461
287.19462
287.19463
287.19464
287.19465
287.19466
287.19467
287.19468
287.19469
287.1947
287.19471
287.19472
287.19473
287.19474
287.19475
287.19476
287.19477
287.19478
287.19479
287.1948
287.19481
287.19482
287.19483
287.19484
287.19485
287.19486
287.19487
287.19488
287.19489
287.1949
287.19491
287.19492
287.19493
287.19494
287.19495
287.19496
287.19497
287.19498
287.19499
287.19501
287.19502
287.19503
287.19504
287.19505
287.19506
287.19507
287.19508
287.19509
287.1951
287.19512
287.19513
287.19514
287.19515
287.19516
287.19517
287.19518
287.19519
287.1952
287.19521
287.19522
287.19523
287.19524
287.19525
287.19526
287.19527
287.19528
287.19529
287.1953
287.19531
287.19532
287.19533
287.19534
287.19535
287.19536
287.19537
287.19538
287.19539
287.1954
287.19542
287.19543
287.19544
287.19545
287.19546
287.19547
287.19549
287.1955
287.19551
287.19555
287.19556
287.19557
287.19558
287.19559
287.1956
287.19561
287.19562
287.19563
287.19564
287.19565
287.19566
287.19567
287.19568
287.19569
287.1957
287.19571
287.19572
287.1958
287.1959
287.19608
287.19609
287.1961
287.19611
287.19612
287.19613
287.19614
287.19615
287.19616
287.19617
287.19618
287.19619
287.1962
287.19621
287.19622
287.19623
287.19624
287.19625
287.19626
287.19627
287.1963
287.19631
287.19632
287.19633
287.19634
287.19635
287.19636
287.19637
287.1964
287.19641
287.19642
287.19643
287.19644
287.19645
287.19646
287.19647
287.19648
287.19649
287.1965
287.19651
287.19652
287.19653
287.19654
287.19655
287.19656
287.19657
287.19658
287.19659
287.1966
287.19661
287.19662
287.19663
287.19664
287.19665
287.19666
287.19667
287.19668
287.19669
287.1967
287.19671
287.19672
287.19673
287.19674
287.19675
287.19676
287.19677
287.19678
287.19679
287.1968
287.19681
287.19682
287.19683
287.19684
287.19685
287.19686
287.19688
287.19689
287.19691
287.19692
287.19694
287.19695
287.19696
287.19697
287.19698
287.1971
287.1972
287.1973
287.1974
287.1982
287.1983
287.1984
287.1985
287.1986
287.1987
287.1988
287.1989
287.1991
287.1992
287.1994
287.1995
287.1996
287.1997
287.1998
287.1999
287.2001
287.2002
287.2003
287.2004
287.2005
287.2006
287.2007
287.2008
287.2009
287.2011
287.2012
287.2013
287.2252
287.2253
287.2254
287.2255
287.2256
287.2257
287.2258
287.2259
287.2261
287.2262
287.2263
287.2264
287.2265
287.2266
287.2268
287.2269
287.2272
287.2273
287.2274
287.2275
287.2276
287.2277
287.2278
287.2279
287.2281
287.2282
287.2283
287.2284
287.2285
287.2286
287.2287
287.2288
287.2289
287.2291
287.2292
287.2293
287.2294
287.2295
287.2297
287.2298
287.2299
287.2301
287.2302
287.2303
287.2304
287.2305
287.2307
287.2308
287.2309
287.2311
287.2312
287.2313
287.2314
287.2315
287.2317
287.2318
287.2319
287.2322
287.2323
287.2324
287.2325
287.2326
287.2327
287.2328
287.2329
287.2331
287.2332
287.2333
287.2334
287.2335
287.2336
287.2337
287.2338
287.2339
287.2341
287.2342
287.2343
287.2344
287.2345
287.2346
287.2347
287.2348
287.2349
287.2351
287.2352
287.2353
287.2354
287.2355
287.2356
287.2357
287.2358
287.2359
287.2361
287.2362
287.2363
287.2364
287.2365
287.2366
287.2367
287.2368
287.2369
287.2371
287.2372
287.2373
287.2374
287.2375
287.2376
287.2377
287.2378
287.2379
287.2381
287.2382
287.2383
287.2384
287.2385
287.2386
287.2387
287.2388
287.2389
287.2391
287.2392
287.2393
287.2394
287.2396
287.2397
287.2398
287.2399
287.2401
287.2402
287.2403
287.2404
287.2405
287.2406
287.2407
287.2408
287.2409
287.2411
287.2412
287.2413
287.2414
287.2415
287.2416
287.2417
287.2418
287.2419
287.2421
287.2422
287.2423
287.2424
287.2425
287.2426
287.2427
287.2428
287.2429
287.2431
287.2432
287.2433
287.2434
287.2435
287.2436
287.2437
287.2438
287.2439
287.2441
287.2442
287.2443
287.2444
287.2445
287.2446
287.2448
287.2449
287.2451
287.2452
287.24521
287.24522
287.24523
287.24524
287.24525
287.24526
287.24527
287.24528
287.24529
287.2453
287.24531
287.24532
287.24533
287.24534
287.24535
287.24536
287.24537
287.24538
287.24539
287.2454
287.24541
287.24542
287.24543
287.24544
287.24545
287.24546
287.24547
287.24549
287.2455
287.24551
287.24552
287.24553
287.24554
287.24556
287.24557
287.24558
287.24559
287.2456
287.24561
287.24562
287.24563
287.24564
287.24565
287.24566
287.24567
287.24568
287.24569
287.2457
287.24573
287.24575
287.24578
287.24579
287.2458
287.24582
287.24583
287.24589
287.2459
287.24591
287.24592
287.24593
287.24594
287.24595
287.24596
287.24597
287.24598
287.24599
287.2461
287.2462
287.2463
287.2464
287.2465
287.2466
287.2467
287.2468
287.24687
287.24688
287.24689
287.2469
287.24692
287.24693
287.24694
287.24698
287.24699
287.24701
287.24702
287.24703
287.24708
287.24709
287.2471
287.24711
287.24712
287.24713
287.24714
287.24715
287.24716
287.24717
287.24718
287.24719
287.2472
287.24721
287.24722
287.24723
287.24724
287.24725
287.24726
287.24727
287.24728
287.24729
287.2473
287.24731
287.24732
287.24733
287.24734
287.24735
287.24736
287.24737
287.24738
287.24739
287.2474
287.24741
287.24742
287.24743
287.24744
287.24746
287.24747
287.24748
287.24749
287.2475
287.24751
287.24752
287.24753
287.24754
287.24755
287.24756
287.24757
287.24758
287.24759
287.2476
287.24761
287.24762
287.24763
287.24764
287.24765
287.24766
287.2477
287.2478
287.2479
287.2481
287.2482
287.2483
287.2484
287.2485
287.2486
287.2487
287.2488
287.2489
287.2491
287.2492
287.2493
287.2494
287.2495
287.2496
287.2497
287.2498
287.24981
287.24982
287.24983
287.24984
287.24985
287.24986
287.24987
287.24988
287.24989
287.2499
287.24991
287.2501
287.2502
287.2503
287.2504
287.2505
287.2506
287.2507
287.2508
287.2509
287.2511
287.2512
287.2513
287.2514
287.2515
287.2516
287.2517
287.25175
287.25176
287.25177
287.25178
287.25179
287.2518
287.25181
287.25183
287.25184
287.25185
287.25186
287.25187
287.25188
287.25189
287.2519
287.25191
287.25192
287.25194
287.25196
287.25197
287.25198
287.25199
287.25201
287.25202
287.25203
287.25204
287.25205
287.25206
287.25207
287.25208
287.25209
287.2521
287.25211
287.25212
287.25213
287.25214
287.25215
287.25216
287.25217
287.25218
287.25219
287.2522
287.25221
287.25222
287.25223
287.25224
287.25225
287.25226
287.25227
287.25228
287.25229
287.2523
287.25231
287.25232
287.25233
287.25234
287.25235
287.25236
287.25237
287.25238
287.25239
287.2524
287.25241
287.25242
287.25243
287.25244
287.25245
287.25246
287.25247
287.25248
287.25249
287.2525
287.25251
287.25252
287.25253
287.25254
287.25255
287.25256
287.25257
287.25258
287.25259
287.2526
287.25261
287.25262
287.25263
287.25264
287.25265
287.25266
287.25267
287.25268
287.25269
287.2527
287.25271
287.2528
287.2531
287.2532
287.2533
287.2534
287.2535
287.2536
287.2537
287.2538
287.2541
287.2542
287.2543
287.2544
287.2545
287.2546
287.2547
287.2548
287.2549
287.2551
287.2552
287.2553
287.2554
287.2555
287.2556
287.2557
287.2558
287.2559
287.2561
287.2562
287.2563
287.25708
287.25709
287.2571
287.25711
287.25712
287.25713
287.25714
287.25715
287.25716
287.25717
287.25718
287.25719
287.2572
287.25721
287.25722
287.25723
287.25724
287.25725
287.25726
287.25727
287.25728
287.25729
287.2573
287.25731
287.25732
287.25734
287.25735
287.25736
287.25737
287.25738
287.25739
287.2574
287.25741
287.25742
287.25743
287.25744
287.25745
287.25746
287.25747
287.25748
287.25749
287.2575
287.25751
287.25752
287.25753
287.25754
287.25755
287.25756
287.25757
287.25758
287.25759
287.2576
287.25761
287.25762
287.25763
287.25764
287.25765
287.25766
287.25767
287.25768
287.25769
287.2577
287.25771
287.25772
287.25773
287.25774
287.25775
287.25776
287.25777
287.25778
287.25779
287.2578
287.25781
287.25782
287.25783
287.25784
287.25785
287.25786
287.25787
287.25788
287.25789
287.2579
287.25791
287.25792
287.25793
287.25794
287.25795
287.25796
287.25797
287.25798
287.25799
287.25801
287.25802
287.25803
287.25804
287.2581
287.2582
287.2583
287.2584
287.2585
287.25858
287.25859
287.2586
287.25861
287.25862
287.25863
287.25864
287.25865
287.25866
287.25867
287.25868
287.25869
287.2587
287.25871
287.25872
287.25873
287.25874
287.25875
287.25876
287.25877
287.25878
287.25879
287.2588
287.25881
287.25882
287.25883
287.25884
287.25885
287.25886
287.25887
287.25888
287.25889
287.2589
287.25891
287.25892
287.25893
287.25894
287.25895
287.25896
287.25897
287.25898
287.25899
287.25901
287.25902
287.25903
287.25904
287.25905
287.25906
287.25907
287.25908
287.25909
287.2591
287.25911
287.25912
287.25913
287.25914
287.25915
287.25916
287.25917
287.25918
287.25919
287.2592
287.25921
287.25922
287.25923
287.25924
287.25925
287.25926
287.25927
287.25928
287.25929
287.2593
287.25931
287.25932
287.25933
287.25934
287.25935
287.25936
287.25938
287.2594
287.25941
287.25942
287.25943
287.25944
287.25945
287.25946
287.25947
287.25948
287.25949
287.2595
287.25951
287.25952
287.25953
287.25954
287.25955
287.25956
287.25957
287.25958
287.25959
287.2596
287.25961
287.25962
287.25963
287.25964
287.25965
287.25966
287.25967
287.25968
287.25969
287.2597
287.25971
287.25972
287.25973
287.25974
287.25975
287.25976
287.25977
287.25978
287.25979
287.2598
287.25981
287.25982
287.25983
287.25984
287.25986
287.2599
287.26006
287.26007
287.2601
287.26012
287.26013
287.26014
287.26015
287.26016
287.26017
287.26018
287.26019
287.2602
287.26021
287.26022
287.26023
287.26024
287.26025
287.26026
287.26027
287.26028
287.26029
287.2603
287.26031
287.26032
287.26033
287.26034
287.26036
287.26037
287.26038
287.26039
287.2604
287.26041
287.26042
287.26043
287.26044
287.26045
287.26046
287.26047
287.26048
287.26049
287.2605
287.26051
287.26052
287.26053
287.26054
287.26055
287.26056
287.26057
287.26058
287.26059
287.2606
287.26061
287.26062
287.26063
287.26064
287.26065
287.26066
287.2607
287.2608
287.26087
287.26088
287.26089
287.2609
287.26091
287.26092
287.26095
287.26096
287.26097
287.26098
287.2611
287.2612
287.2613
287.2614
287.2615
287.2616
287.2617
287.2618
287.2619
287.2621
287.2622
287.2623
287.2624
287.2625
287.2626
287.2627
287.2628
287.2629
287.26306
287.26307
287.26308
287.26309
287.2631
287.26311
287.26313
287.26314
287.26315
287.26316
287.26317
287.26318
287.26319
287.2632
287.26321
287.26322
287.26323
287.26324
287.26325
287.26326
287.2633
287.2634
287.2635
287.2636
287.2637
287.2638
287.2639
287.26394
287.26395
287.26396
287.26397
287.26398
287.26399
287.26401
287.26402
287.26403
287.26404
287.26405
287.26406
287.26407
287.26408
287.26409
287.26411
287.26412
287.26413
287.26414
287.26415
287.26416
287.26417
287.26418
287.26419
287.26421
287.26422
287.26423
287.26424
287.26425
287.26426
287.26427
287.26428
287.26429
287.26431
287.26432
287.26433
287.26436
287.26437
287.26438
287.26439
287.26441
287.26442
287.26443
287.26444
287.26445
287.26446
287.26447
287.26448
287.26449
287.2645
287.26451
287.26452
287.26453
287.26454
287.26455
287.26456
287.26457
287.26458
287.26459
287.26461
287.26462
287.26463
287.26464
287.26465
287.26466
287.26467
287.26468
287.26469
287.26471
287.26472
287.26473
287.26474
287.26475
287.26476
287.26477
287.26478
287.26479
287.26481
287.26482
287.26483
287.26484
287.26485
287.26486
287.26487
287.26488
287.26489
287.26491
287.26492
287.26493
287.26494
287.26495
287.26496
287.26497
287.26498
287.26499
287.26501
287.26502
287.26503
287.26504
287.26505
287.26506
287.26507
287.26508
287.26509
287.26511
287.26512
287.26513
287.26514
287.26515
287.26516
287.26517
287.26518
287.26519
287.26521
287.26522
287.26523
287.26524
287.26525
287.26526
287.26527
287.26528
287.26529
287.26531
287.26532
287.26533
287.26534
287.26535
287.26536
287.26537
287.26538
287.26539
287.26541
287.26542
287.26543
287.26544
287.26545
287.26546
287.26547
287.26548
287.26549
287.26551
287.26552
287.26553
287.26554
287.26555
287.26556
287.26557
287.26558
287.26559
287.2658
287.2659
287.2661
287.2662
287.2664
287.2665
287.2666
287.2667
287.2668
287.2669
287.2692
287.27011
287.27012
287.27013
287.27014
287.27015
287.27016
287.27017
287.27018
287.27019
287.27021
287.27022
287.27023
287.27024
287.27025
287.27026
287.27027
287.27028
287.27029
287.27031
287.27032
287.27033
287.27034
287.27035
287.27036
287.27037
287.27038
287.27039
287.27041
287.27042
287.27043
287.27044
287.27045
287.27046
287.27047
287.27048
287.27049
287.27051
287.27052
287.27053
287.27054
287.27055
287.27056
287.27057
287.27058
287.27059
287.27061
287.27062
287.27063
287.27064
287.27065
287.27067
287.27068
287.27071
287.27072
287.27073
287.27074
287.27075
287.27076
287.27077
287.27078
287.27079
287.27081
287.27082
287.27083
287.27084
287.27085
287.27086
287.27087
287.27088
287.27089
287.27091
287.27092
287.27093
287.27094
287.27095
287.27096
287.27097
287.27098
287.27099
287.27101
287.27102
287.27103
287.27104
287.27105
287.27106
287.27107
287.27108
287.27109
287.27111
287.27112
287.27113
287.27114
287.27115
287.27116
287.27117
287.27118
287.27119
287.27121
287.27122
287.27123
287.27124
287.27125
287.27126
287.27127
287.27128
287.27129
287.27131
287.27132
287.27133
287.27134
287.27135
287.27136
287.27137
287.27138
287.27139
287.27142
287.27143
287.27144
287.27145
287.27146
287.27147
287.27148
287.27149
287.27152
287.27153
287.27154
287.27155
287.27156
287.27157
287.27158
287.27159
287.27161
287.27162
287.27163
287.27164
287.27165
287.27166
287.27167
287.27168
287.27169
287.27171
287.27172
287.27174
287.27175
287.27176
287.27177
287.27178
287.27179
287.27181
287.27182
287.27183
287.27184
287.27185
287.27186
287.27187
287.27188
287.27189
287.27191
287.27192
287.27193
287.27194
287.27195
287.27196
287.27197
287.27198
287.27199
287.27201
287.27202
287.27203
287.27204
287.27205
287.27206
287.27207
287.27209
287.27211
287.27212
287.27213
287.27214
287.27215
287.27216
287.27217
287.27218
287.27219
287.27221
287.27222
287.27223
287.27224
287.27225
287.27226
287.27227
287.27228
287.27229
287.27231
287.27232
287.27233
287.27235
287.27236
287.27237
287.27239
287.27241
287.27242
287.27243
287.27244
287.27245
287.27246
287.27247
287.27248
287.27249
287.27251
287.27252
287.27253
287.27254
287.27255
287.27256
287.27257
287.27258
287.27259
287.27261
287.27262
287.27263
287.27264
287.27265
287.27266
287.27267
287.27268
287.27269
287.27271
287.27272
287.27273
287.27274
287.27275
287.27277
287.27278
287.27279
287.27282
287.27283
287.27284
287.27285
287.27286
287.27287
287.27289
287.27291
287.27292
287.27293
287.27294
287.27295
287.27296
287.27297
287.27298
287.27299
287.27304
287.27307
287.27311
287.27312
287.27313
287.27314
287.27315
287.27316
287.27631
287.27632
287.27633
287.27634
287.27635
287.27636
287.27637
287.27638
287.27639
287.27641
287.27642
287.27643
287.27654
287.27655
287.27656
287.27657
287.27658
287.27659
287.27661
287.27663
287.27664
287.27665
287.27666
287.27685
287.27686
287.27687
287.27688
287.27689
287.27691
287.27692
287.27693
287.27694
287.27695
287.27697
287.27698
287.27699
287.27701
287.27702
287.27703
287.27704
287.27705
287.27706
287.27707
287.27708
287.27709
287.27711
287.27712
287.27713
287.27714
287.27715
287.27716
287.27717
287.27718
287.27719
287.27721
287.27722
287.27723
287.2816
287.2825
287.2826
287.2899
287.2901
287.2902
287.2903
287.2904
287.2905
287.2906
287.2907
287.2908
287.2914
287.2915
287.2916
287.2917
287.2918
287.2919
287.2921
287.2922
287.2923
287.2924
287.2925
287.2926
287.2927
287.2928
287.2929
287.2931
287.2932
287.2933
287.2934
287.2935
287.2936
287.2937
287.2938
287.2939
287.2941
287.2942
287.2943
287.2944
287.2945
287.2946
287.2947
287.2948
287.2949
287.2951
287.2952
287.2953
287.2954
287.2955
287.2956
287.2957
287.2958
287.2959
287.2961
287.2962
287.2963
287.2964
287.2965
287.2966
287.2967
287.2968
287.2969
287.2971
287.2972
287.2973
287.2975
287.2976
287.2977
287.2978
287.2979
287.2981
287.3101
287.3102
287.3103
287.3104
287.3106
287.3107
287.3108
287.3109
287.3111
287.3112
287.3113
287.3114
287.3115
287.3116
287.3117
287.3118
287.3119
287.3121
287.3122
287.3123
287.3124
287.3125
287.3126
287.3127
287.3128
287.3129
287.3131
287.3134
287.3135
287.3136
287.3137
287.3138
287.3139
287.3141
287.3142
287.3143
287.3144
287.3147
287.3148
287.3149
287.3151
287.3152
287.3153
287.3154
287.3155
287.3156
287.3157
287.3158
287.3159
287.3161
287.3162
287.3163
287.3164
287.3165
287.3166
287.3167
287.3168
287.3169
287.3171
287.3172
287.3173
287.3174
287.3175
287.3176
287.3177
287.3178
287.3179
287.3181
287.3182
287.3183
287.3184
287.3185
287.3186
287.3187
287.3188
287.3189
287.3191
287.3192
287.3193
287.3194
287.3195
287.3196
287.3197
287.3198
287.3199
287.3201
287.3202
287.3203
287.3204
287.3205
287.3206
287.3207
287.3208
287.3209
287.3211
287.3212
287.3213
287.3214
287.3215
287.3216
287.3217
287.3218
287.3219
287.3221
287.3222
287.3223
287.3224
287.3225
287.3226
287.3227
287.3228
287.3229
287.3231
287.3232
287.3233
287.3234
287.3235
287.3236
287.3237
287.3238
287.3239
287.3241
287.3242
287.3243
287.3244
287.3245
287.3246
287.3247
287.3248
287.3261
287.3262
287.3263
287.3264
287.3265
287.3266
287.3267
287.3268
287.3269
287.3271
287.3272
287.3273
287.3274
287.3275
287.3276
287.3277
287.3278
287.3279
287.3281
287.3282
287.3283
287.3284
287.3285
287.3286
287.3287
287.3288
287.3289
287.3291
287.3292
287.3293
287.3294
287.3295
287.3296
287.3297
287.3298
287.3299
287.3301
287.3302
287.3303
287.3304
287.3305
287.3306
287.3307
287.3308
287.3309
287.3311
287.3312
287.3313
287.3314
287.3315
287.3316
287.3317
287.3318
287.3319
287.3321
287.3322
287.3323
287.3324
287.3325
287.3326
287.3327
287.3328
287.3329
287.3331
287.3332
287.3333
287.3334
287.3335
287.3336
287.3337
287.3338
287.3339
287.3341
287.3342
287.3343
287.3344
287.3345
287.3346
287.3347
287.3348
287.3349
287.3351
287.3352
287.3353
287.3354
287.3355
287.3356
287.3357
287.3358
287.3359
287.3361
287.3362
287.3363
287.3364
287.3365
287.3366
287.3367
287.3368
287.3369
287.3371
287.3372
287.3373
287.3374
287.3375
287.3376
287.3377
287.3378
287.3379
287.3381
287.3382
287.3383
287.3384
287.3385
287.3386
287.3387
287.3388
287.3389
287.3391
287.3392
287.3394
287.3395
287.3396
287.3397
287.3398
287.3399
287.3401
287.3402
287.3403
287.3404
287.3405
287.3406
287.3407
287.3408
287.3409
287.3411
287.3412
287.3413
287.3414
287.3415
287.3416
287.3417
287.3418
287.3419
287.3421
287.3422
287.3423
287.3424
287.3425
287.3426
287.3427
287.3428
287.3429
287.3431
287.3432
287.3433
287.3434
287.3435
287.3436
287.3437
287.3438
287.3439
287.3442
287.3443
287.3444
287.3445
287.3446
287.3447
287.3448
287.3449
287.3451
287.3452
287.3453
287.3454
287.3455
287.3456
287.3457
287.3458
287.3459
287.3461
287.3462
287.3463
287.3464
287.3465
287.3466
287.3467
287.3468
287.3469
287.3471
287.3472
287.3473
287.3474
287.3475
287.3476
287.3477
287.3478
287.3479
287.3481
287.3482
287.3483
287.3484
287.3485
287.3486
287.3487
287.3488
287.3489
287.3491
287.3492
287.3493
287.3494
287.3495
287.3496
287.3497
287.3498
287.3501
287.3502
287.3503
287.3504
287.3505
287.3506
287.3507
287.3508
287.3509
287.3511
287.3512
287.3514
287.3515
287.3516
287.3517
287.3518
287.3519
287.3521
287.3522
287.3523
287.3524
287.3525
287.3526
287.3527
287.3528
287.3529
287.3531
287.3532
287.3533
287.3534
287.3535
287.3536
287.3537
287.3538
287.3539
287.3541
287.3542
287.3543
287.3545
287.3546
287.3548
287.3549
287.3551
287.3552
287.3553
287.3554
287.3555
287.3556
287.3557
287.3558
287.3559
287.3561
287.3562
287.3563
287.3564
287.3565
287.3566
287.3567
287.3568
287.3569
287.3571
287.3572
287.3573
287.3574
287.3575
287.3577
287.3578
287.3579
287.3581
287.3582
287.3583
287.3584
287.3585
287.3586
287.3587
287.3597
287.3598
287.3599
287.3601
287.3602
287.3603
287.3604
287.3605
287.3606
287.3607
287.3608
287.3609
287.3612
287.3613
287.3614
287.3615
287.3616
287.3617
287.3618
287.3619
287.3623
287.3713
287.3714
287.3715
287.3716
287.3717
287.3718
287.3719
287.3721
287.3722
287.3723
287.3724
287.3725
287.3726
287.3727
287.3728
287.3729
287.3731
287.3732
287.3733
287.3734
287.3735
287.3736
287.3737
287.3738
287.3739
287.3741
287.3865
287.3867
287.3868
287.3869
287.3871
287.3873
287.3874
287.3875
287.3876
287.3877
287.3878
287.3879
287.3881
287.3882
287.3884
287.3885
287.3886
287.3887
287.3888
287.3889
287.3891
287.3892
287.3893
287.3894
287.3895
287.3896
287.3897
287.3898
287.3899
287.3901
287.3902
287.3903
287.3904
287.3905
287.3906
287.3907
287.3908
287.3909
287.3911
287.3912
287.3913
287.3914
287.3915
287.3916
287.3917
287.3918
287.3919
287.3921
287.3922
287.3923
287.3924
287.3925
287.3926
287.3927
287.3928
287.3929
287.3931
287.3932
287.3933
287.3935
287.3936
287.3937
287.3938
287.3939
287.3967
287.4036
287.4037
287.4038
287.4039
287.4042
287.4043
287.4044
287.4046
287.4047
287.4048
287.4049
287.4051
287.4052
287.4053
287.4054
287.4055
287.4056
287.4057
287.4058
287.4059
287.4061
287.4062
287.4063
287.4064
287.4065
287.4066
287.4067
287.4068
287.4069
287.4071
287.4072
287.4073
287.4074
287.4075
287.4076
287.4077
287.4078
287.4079
287.4081
287.4082
287.4083
287.4084
287.4085
287.4086
287.4087
287.4088
287.4089
287.4091
287.4092
287.4093
287.4094
287.4095
287.4096
287.4097
287.4098
287.4099
287.4102
287.4103
287.4104
287.4105
287.4106
287.4258
287.4259
287.4261
287.4262
287.4263
287.4264
287.4265
287.4266
287.4267
287.4268
287.4269
287.4271
287.4272
287.4273
287.4274
287.4275
287.4276
287.4277
287.4283
287.4285
287.4288
287.4289
287.4291
287.4292
287.4293
287.4294
287.4295
287.4296
287.4297
287.4298
287.4299
287.4301
287.4302
287.4303
287.4304
287.4305
287.4307
287.4308
287.4309
287.431
287.4311
287.4312
287.4313
287.4314
287.4315
287.4316
287.4317
287.4318
287.4319
287.432
287.4321
287.4322
287.4323
287.4324
287.4325
287.4326
287.4327
287.4328
287.4329
287.433
287.4331
287.4332
287.4333
287.4334
287.4335
287.4336
287.4337
287.4338
287.4339
287.434
287.4341
287.4342
287.4343
287.4344
287.4345
287.4346
287.4348
287.4349
287.435
287.4351
287.4352
287.4353
287.4354
287.4355
287.4356
287.4357
287.4358
287.4359
287.436
287.4361
287.4362
287.4363
287.4364
287.4365
287.4366
287.4367
287.4368
287.4369
287.437
287.4371
287.4372
287.4373
287.4374
287.4375
287.4376
287.4377
287.4378
287.4379
287.438
287.4381
287.4382
287.4383
287.4384
287.4385
287.4386
287.4387
287.4388
287.4389
287.439
287.4391
287.4392
287.4393
287.4394
287.4395
287.4396
287.4397
287.4398
287.4399
287.4401
287.4402
287.4403
287.4404
287.4405
287.4406
287.4407
287.4408
287.4409
287.441
287.4411
287.4412
287.4413
287.4414
287.4415
287.4416
287.4417
287.4418
287.4419
287.442
287.4421
287.4422
287.4423
287.4424
287.4425
287.4426
287.4427
287.4428
287.4429
287.443
287.4431
287.4432
287.4433
287.4434
287.4435
287.4436
287.4437
287.4438
287.4439
287.444
287.4441
287.4442
287.4443
287.4444
287.4445
287.4446
287.4447
287.4448
287.4449
287.445
287.4451
287.4452
287.4453
287.4454
287.4455
287.4456
287.4457
287.4458
287.4459
287.446
287.4461
287.4462
287.4463
287.4464
287.4541
287.4542
287.4543
287.4544
287.4545
287.4547
287.4548
287.4549
287.4551
287.4552
287.4553
287.4554
287.4556
287.4557
287.4558
287.4561
287.4564
287.4565
287.4566
287.4621
287.4622
287.4623
287.4624
287.4625
287.4626
287.5667
287.5668
287.5669
287.5671
287.5672
287.5673
287.5674
287.5676
287.5677
287.5678
287.5679
287.5681
287.5682
287.5683
287.5684
287.5685
287.5686
287.5687
287.5688
287.5691
287.5692
287.5693
287.5694
287.5695
287.5696
287.5697
287.5698
287.5699
287.5701
287.5702
287.5703
287.5704
287.5705
287.5707
287.5708
287.5709
287.5711
287.5729
287.5731
287.5732
287.5733
287.5734
287.5735
287.5736
287.5737
287.5738
287.5739
287.5742
287.5743
287.5744
287.5746
287.5747
287.5748
287.5749
287.5752
287.5753
287.5756
287.5757
287.5758
287.5759
287.5761
287.5762
287.5763
287.5764
287.5765
287.5766
287.5767
287.5768
287.5769
287.5771
287.5772
287.5773
287.5774
287.5775
287.5776
287.5778
287.5948
287.5952
287.5955
287.5956
287.5959
287.5961
287.5966
287.5968
287.5969
287.5971
287.5972
287.5973
287.5974
287.5979
287.5996
287.6323
287.6324
287.6325
287.6326
287.6327
287.6328
287.6329
287.6331
287.6332
287.6333
287.6334
287.6335
287.6337
287.6338
287.6339
287.6341
287.6342
287.6343
287.6344
287.6345
287.6346
287.6347
287.6348
287.6349
287.6351
287.6352
287.6353
287.6354
287.6355
287.6356
287.6357
287.6358
287.6359
287.6361
287.6362
287.6364
287.6365
287.6366
287.6367
287.6368
287.6369
287.6371
287.6372
287.6373
287.6374
287.6375
287.6376
287.6377
287.6378
287.6379
287.6381
287.6382
287.6383
287.6384
287.6385
287.6386
287.6388
287.6389
287.6391
287.6392
287.6394
287.6395
287.6396
287.6397
287.6398
287.6401
287.6402
287.6403
287.6404
287.6406
287.6407
287.6408
287.6411
287.6412
287.6414
287.6415
287.6416
287.6417
287.6419
287.6421
287.6423
287.6424
287.6425
287.6426
287.6427
287.6428
287.6429
287.6432
287.6433
287.6434
287.6435
287.6437
287.6438
287.6439
287.6441
287.6442
287.6443
287.6444
287.6445
287.6446
287.6447
287.6448
287.6449
287.6451
287.6452
287.6453
287.6455
287.6456
287.6457
287.6458
287.6461
287.6464
287.6465
287.6466
287.6467
287.6468
287.6469
287.6471
287.6472
287.6473
287.6474
287.6475
287.6476
287.6479
287.6481
287.6482
287.6483
287.6484
287.6485
287.6486
287.6491
287.6492
287.6494
287.6495
287.6496
287.6497
287.6498
287.6499
287.6501
287.6502
287.6503
287.6504
287.6505
287.6506
287.6507
287.6508
287.6509
287.6512
287.6513
287.6514
287.6515
287.6516
287.6517
287.6518
287.6519
287.6521
287.6523
287.6794
287.6795
287.6796
287.6797
287.6798
287.6799
287.6801
287.6802
287.6803
287.6804
287.6806
287.6807
287.6808
287.6809
287.6812
287.6814
287.6815
287.6817
287.6818
287.6819
287.6821
287.6822
287.6823
287.6824
287.6827
287.6828
287.6829
287.6831
287.6832
287.6834
287.6835
287.6836
287.6837
287.6838
287.6839
287.6843
287.6844
287.6845
287.6846
287.6847
287.6848
287.6849
287.6851
287.6852
287.6853
287.6855
287.6856
287.6857
287.6858
287.6859
287.6861
287.6863
287.6868
287.6869
287.6871
287.6873
287.6874
287.6875
287.6876
287.6877
287.6878
287.6879
287.6881
287.6882
287.6883
287.6884
287.6887
287.6888
287.6889
287.6891
287.6892
287.6893
287.6894
287.6895
287.6897
287.6898
287.6899
287.6901
287.6902
287.6903
287.6904
287.6905
287.6906
287.6908
287.6909
287.6911
287.6913
287.6916
287.6917
287.6918
287.6919
287.6921
287.6923
287.6924
287.6925
287.6926
287.6927
287.6928
287.6929
287.6931
287.6932
287.6933
287.6934
287.6936
287.6937
287.6938
287.6939
287.6941
287.6942
287.6943
287.6944
287.6947
287.6948
287.6949
287.6951
287.6952
287.6953
287.6954
287.6955
287.6956
287.6957
287.6958
287.6959
287.6962
287.6963
287.6966
287.6967
287.6968
287.6969
287.6972
287.6973
287.6974
287.6975
287.6976
287.6977
287.6978
287.6979
287.6981
287.6982
287.6983
287.6984
287.6986
287.6987
287.6988
287.6989
287.6991
287.6993
287.6994
287.6995
287.6996
287.6998
287.7001
287.7002
287.7003
287.7004
287.7005
287.7006
287.7007
287.7009
287.7011
287.7012
287.7014
287.7015
287.7016
287.7017
287.7018
287.7019
287.7021
287.7023
287.7024
287.7025
287.7026
287.7027
287.7029
287.7031
287.7032
287.7033
287.7034
287.7035
287.7036
287.7037
287.7038
287.7039
287.7041
287.7043
287.7044
287.7045
287.7046
287.7047
287.7048
287.7049
287.7051
287.7052
287.7053
287.7054
287.7055
287.7056
287.7057
287.7058
287.7059
287.7061
287.7062
287.7063
287.7064
287.7065
287.7066
287.7067
287.7068
287.7069
287.7071
287.7072
287.7073
287.7074
287.7075
287.7076
287.7077
287.7078
287.7079
287.7081
287.7083
287.7084
287.7086
287.7087
287.7088
287.7091
287.7092
287.7093
287.7094
287.7095
287.7096
287.7097
287.7098
287.7099
287.7265
287.7266
287.7267
287.7268
287.7269
287.7271
287.7272
287.7273
287.7274
287.7275
287.7276
287.7277
287.7278
287.7279
287.7281
287.7282
287.7283
287.7284
287.7285
287.7286
287.7287
287.7288
287.7289
287.7291
287.7292
287.7293
287.7294
287.7295
287.7296
287.7297
287.7298
287.7299
287.7301
287.7302
287.7303
287.7304
287.7305
287.7306
287.7307
287.7308
287.7309
287.7311
287.7313
287.7314
287.7315
287.7316
287.7317
287.7318
287.7319
287.7321
287.7322
287.7323
287.7324
287.7325
287.7326
287.7327
287.7328
287.7329
287.7331
287.7332
287.7333
287.7334
287.7335
287.7336
287.7337
287.7338
287.7339
287.7341
287.7342
287.7343
287.7344
287.7345
287.7346
287.7347
287.7348
287.7349
287.7351
287.7352
287.7353
287.7354
287.7355
287.7356
287.7357
287.7358
287.7359
287.7361
287.7362
287.7363
287.7364
287.7365
287.7366
287.7367
287.7368
287.7369
287.7371
287.7372
287.7373
287.7374
287.7375
287.7376
287.7377
287.7378
287.7379
287.7381
287.7382
287.7383
287.7384
287.7385
287.7386
287.7387
287.7388
287.7389
287.7391
287.7392
287.7393
287.7394
287.7395
287.7396
287.7397
287.7398
287.7399
287.7401
287.7402
287.7403
287.7404
287.7405
287.7406
287.7407
287.7408
287.7409
287.7411
287.7412
287.7413
287.7414
287.7415
287.7416
287.7417
287.7418
287.7419
287.7421
287.7422
287.7423
287.7424
287.7425
287.7426
287.7427
287.7428
287.7429
287.7431
287.7432
287.7433
287.7434
287.7435
287.7436
287.7437
287.7438
287.7439
287.7441
287.7442
287.7443
287.7444
287.7445
287.7446
287.7447
287.7448
287.7449
287.7451
287.7452
287.7453
287.7454
287.7455
287.7456
287.7458
287.7459
287.7461
287.7462
287.7463
287.7464
287.7465
287.7466
287.7467
287.7468
287.7469
287.7471
287.7472
287.7473
287.7474
287.7475
287.7476
287.7477
287.7478
287.7479
287.7481
287.7482
287.7483
287.7484
287.7485
287.7486
287.7487
287.7488
287.7489
287.7491
287.7492
287.7493
287.7494
287.7495
287.7496
287.7497
287.7498
287.7499
287.7501
287.7502
287.7503
287.7504
287.7505
287.7506
287.7507
287.7508
287.7509
287.7511
287.7512
287.7513
287.7514
287.7515
287.7517
287.7518
287.7519
287.7521
287.7522
287.7523
287.7524
287.7525
287.7526
287.7527
287.7528
287.7529
287.7531
287.7532
287.7533
287.7534
287.7535
287.7536
287.7537
287.7538
287.7539
287.7541
287.7542
287.7543
287.7544
287.7545
287.7546
287.7547
287.7548
287.7549
287.7551
287.7552
287.7554
287.7555
287.7556
287.7557
287.7558
287.7559
287.7561
287.7562
287.7563
287.7564
287.7565
287.7566
287.7567
287.7568
287.7569
287.7571
287.7572
287.7573
287.7574
287.7575
287.7576
287.7577
287.7578
287.7579
287.7581
287.7582
287.7583
287.7584
287.7585
287.7586
287.7587
287.7588
287.7589
287.7591
287.7592
287.7593
287.7594
287.7595
287.7596
287.7597
287.7598
287.7599
287.7601
287.7602
287.7603
287.7604
287.7605
287.7606
287.7607
287.7608
287.7609
287.7611
287.7612
287.7613
287.7614
287.7615
287.7616
287.7617
287.7618
287.7619
287.7621
287.7622
287.7623
287.7624
287.7625
287.7626
287.7627
287.7628
287.7629
287.7631
287.7632
287.7633
287.7634
287.7635
287.7636
287.7637
287.7638
287.7639
287.7641
287.7642
287.7643
287.7645
287.7646
287.7647
287.7648
287.7649
287.7651
287.7652
287.7653
287.7654
287.7655
287.7656
287.7657
287.7658
287.7659
287.7661
287.7662
287.7663
287.7664
287.7665
287.7666
287.7667
287.7668
287.7669
287.7671
287.7672
287.7673
287.7674
287.7675
287.7676
287.7677
287.7678
287.7679
287.7681
287.7682
287.7683
287.7684
287.7685
287.7686
287.7687
287.7688
287.7689
287.7691
287.7692
287.7693
287.7694
287.7695
287.7696
287.7697
287.7735
287.7736
287.7737
287.7738
287.7739
287.7741
287.7742
287.7743
287.7744
287.7745
287.7746
287.7747
287.7748
287.7749
287.7751
287.7752
287.7753
287.7754
287.7755
287.7756
287.7757
287.7758
287.7759
287.7761
287.7762
287.7763
287.7764
287.7765
287.7766
287.7767
287.7768
287.7769
287.7771
287.7772
287.7773
287.7774
287.7775
287.7776
287.7777
287.7778
287.7781
287.7782
287.7783
287.7784
287.7785
287.7786
287.7787
287.7788
287.7789
287.7791
287.7792
287.7793
287.7795
287.7796
287.7797
287.7798
287.7799
287.7801
287.7802
287.7803
287.7804
287.7806
287.7807
287.7808
287.7809
287.7811
287.7812
287.7813
287.7814
287.7815
287.7816
287.7817
287.7818
287.7819
287.7821
287.7822
287.7823
287.7824
287.7825
287.7826
287.7827
287.7828
287.7829
287.7831
287.7832
287.7833
287.7834
287.7835
287.7836
287.7837
287.7838
287.7839
287.7841
287.7842
287.7843
287.7844
287.7845
287.7846
287.7847
287.7848
287.7849
287.7851
287.7852
287.7853
287.7854
287.7855
287.7856
287.7857
287.7858
287.7859
287.7861
287.7862
287.7863
287.7864
287.7865
287.7866
287.7867
287.7868
287.7869
287.7871
287.7872
287.7873
287.7874
287.7875
287.7876
287.7877
287.7878
287.7879
287.7881
287.7882
287.7883
287.7884
287.7885
287.7886
287.7887
287.7888
287.7889
287.7891
287.7892
287.7893
287.7894
287.7895
287.7897
287.7898
287.7899
287.7901
287.7902
287.7903
287.7904
287.7905
287.7906
287.7907
287.7908
287.7909
287.7911
287.7912
287.7913
287.7914
287.7915
287.7916
287.7917
287.7918
287.7919
287.7921
287.7922
287.7923
287.7924
287.7925
287.7926
287.7927
287.7928
287.7929
287.7931
287.7932
287.7933
287.7934
287.7935
287.7936
287.7937
287.7938
287.7939
287.7941
287.7942
287.7943
287.7944
287.7945
287.7946
287.7947
287.7948
287.7949
287.7951
287.7952
287.7953
287.7954
287.7955
287.7956
287.7957
287.7958
287.7959
287.7961
287.7962
287.7963
287.7964
287.7965
287.7966
287.7967
287.7968
287.7969
287.797
287.7971
287.7972
287.7973
287.7974
287.7975
287.7976
287.7977
287.7978
287.7979
287.798
287.7981
287.7982
287.7983
287.7984
287.7985
287.7986
287.7987
287.7988
287.7989
287.799
287.7991
287.7992
287.7993
287.7994
287.7995
287.7996
287.7997
287.7998
287.7999
287.8001
287.8002
287.8003
287.8004
287.8005
287.8006
287.8007
287.8008
287.8009
287.801
287.8011
287.8012
287.8013
287.8014
287.8015
287.8016
287.8017
287.8018
287.8019
287.802
287.8021
287.8022
287.8023
287.8024
287.8025
287.8026
287.8027
287.8028
287.8029
287.803
287.8031
287.8032
287.8033
287.8034
287.8035
287.8036
287.8037
287.8039
287.804
287.8042
287.8043
287.8044
287.8045
287.8046
287.8047
287.8048
287.8049
287.805
287.8051
287.8052
287.8053
287.8054
287.8055
287.806
287.807
287.808
287.809
287.811
287.812
287.813
287.814
287.815
287.816
287.817
287.818
287.819
287.821
287.822
287.823
287.824
287.825
287.826
287.827
287.828
287.829
287.831
287.832
287.833
287.834
287.835
287.8358
287.836
287.8361
287.8363
287.8364
287.8367
287.8368
287.8369
287.8371
287.8372
287.8373
287.8376
287.8377
287.8379
287.838
287.8381
287.8382
287.8383
287.8384
287.8385
287.8386
287.8387
287.8388
287.839
287.8391
287.8392
287.8394
287.8395
287.8396
287.8397
287.8398
287.8399
287.8401
287.8402
287.8403
287.8404
287.8405
287.8406
287.8407
287.8408
287.8409
287.841
287.8411
287.8412
287.8413
287.8414
287.8415
287.8416
287.8417
287.8418
287.8419
287.842
287.8421
287.843
287.844
287.846
287.847
287.848
287.8488
287.8489
287.849
287.8491
287.8492
287.8493
287.8494
287.8495
287.8497
287.8498
287.8499
287.8501
287.8502
287.8503
287.8506
287.8507
287.8509
287.851
287.8511
287.8512
287.8513
287.8514
287.8515
287.8516
287.8517
287.8518
287.8519
287.852
287.8521
287.8522
287.8524
287.8525
287.8526
287.8527
287.8528
287.8529
287.853
287.8531
287.8532
287.8533
287.8534
287.8535
287.8536
287.8537
287.8538
287.8539
287.854
287.8541
287.8542
287.8543
287.8544
287.8545
287.8546
287.8547
287.8548
287.8549
287.855
287.8551
287.856
287.857
287.858
287.859
287.861
287.862
287.863
287.864
287.865
287.866
287.867
287.868
287.869
287.871
287.872
287.873
287.874
287.875
287.877
287.878
287.879
287.881
287.882
287.883
287.884
287.885
287.886
287.887
287.8875
287.888
287.8881
287.8884
287.8885
287.8886
287.8887
287.8888
287.8889
287.889
287.8891
287.8892
287.8893
287.8894
287.8895
287.8896
287.8897
287.8898
287.8899
287.8901
287.8902
287.8903
287.8904
287.8905
287.8906
287.8907
287.8908
287.8909
287.891
287.8911
287.8912
287.8913
287.8914
287.8915
287.8916
287.8917
287.8918
287.8919
287.892
287.8921
287.8922
287.8923
287.8924
287.8925
287.8929
287.893
287.8931
287.8932
287.8933
287.8934
287.8935
287.8936
287.8937
287.8938
287.8939
287.894
287.8941
287.8942
287.8943
287.8944
287.8945
287.8946
287.8947
287.8948
287.8949
287.895
287.8951
287.8954
287.8956
287.8959
287.896
287.8961
287.8962
287.8963
287.8964
287.8965
287.8966
287.8968
287.8969
287.897
287.898
287.8982
287.8984
287.899
287.8998
287.901
287.902
287.903
287.9031
287.9033
287.904
287.905
287.906
287.907
287.9073
287.9074
287.9075
287.9076
287.9077
287.9078
287.9079
287.908
287.9081
287.9082
287.9083
287.9084
287.9085
287.9086
287.9087
287.9088
287.9089
287.909
287.9091
287.9092
287.9093
287.9094
287.9095
287.9096
287.9097
287.9098
287.9099
287.9101
287.9102
287.9103
287.9104
287.9105
287.9106
287.9107
287.9108
287.9109
287.911
287.9111
287.9112
287.9113
287.9114
287.9115
287.9116
287.9117
287.9118
287.9119
287.912
287.9121
287.9122
287.9123
287.9124
287.9125
287.9126
287.9127
287.9128
287.9129
287.913
287.9131
287.9132
287.9133
287.9134
287.9135
287.9136
287.9137
287.9138
287.9139
287.914
287.9141
287.9142
287.9143
287.9144
287.9145
287.9146
287.9147
287.9148
287.9149
287.915
287.9151
287.9152
287.9153
287.9154
287.9155
287.9156
287.9157
287.9158
287.9159
287.916
287.9161
287.9162
287.9163
287.9164
287.9165
287.9166
287.9167
287.9168
287.9169
287.917
287.9171
287.9172
287.9173
287.9174
287.9175
287.9176
287.9177
287.9178
287.9179
287.918
287.9181
287.9182
287.9183
287.9184
287.9185
287.9186
287.9187
287.9188
287.9189
287.919
287.9191
287.9192
287.9193
287.9194
287.9195
287.9196
287.9197
287.9198
287.9199
287.9201
287.9202
287.9203
287.9204
287.9205
287.9206
287.9207
287.9208
287.9209
287.921
287.9211
287.9212
287.9213
287.9214
287.9215
287.9216
287.9217
287.9218
287.9219
287.922
287.9221
287.9222
287.9223
287.9224
287.9225
287.9226
287.9227
287.9228
287.9229
287.923
287.9231
287.9232
287.9233
287.9234
287.9235
287.9236
287.9237
287.9238
287.9239
287.924
287.9241
287.9242
287.9243
287.9244
287.9245
287.9246
287.9247
287.9248
287.9249
287.925
287.9251
287.9252
287.9253
287.9254
287.9255
287.9256
287.9257
287.9258
287.9259
287.926
287.9261
287.9262
287.9263
287.9264
287.9265
287.9266
287.9267
287.9268
287.9269
287.927
287.9271
287.9272
287.9273
287.9274
287.9275
287.9276
287.9277
287.9278
287.9279
287.928
287.9281
287.9282
287.9283
287.9284
287.9285
287.9286
287.9287
287.9288
287.9289
287.929
287.9291
287.9292
287.9293
287.9294
287.9295
287.9296
287.9297
287.9298
287.9299
287.9301
287.9302
287.9303
287.9304
287.9305
287.9306
287.9307
287.9308
287.9309
287.931
287.9311
287.9312
287.9313
287.9314
287.9315
287.9316
287.9317
287.9318
287.9319
287.932
287.9321
287.9322
287.9323
287.9324
287.9325
287.9326
287.9327
287.9328
287.9329
287.933
287.9331
287.9332
287.9333
287.9334
287.9335
287.9336
287.9337
287.9338
287.9339
287.934
287.9341
287.9342
287.9343
287.9344
287.9345
287.9346
287.9347
287.9348
287.9349
287.9355
287.9356
287.9357
287.9358
287.9359
287.9361
287.9375
287.9376
287.9377
287.9378
287.9379
287.9381
287.9382
287.9383
287.9384
287.9385
287.9386
287.9387
287.9388
287.9389
287.9391
287.9392
287.9393
287.9394
287.9395
287.9396
287.9397
287.9398
287.9399
287.9401
287.9402
287.9403
287.9404
287.9405
287.9406
287.9411
287.9412
287.9413
287.9414
287.9415
287.9416
287.9417
287.9418
287.9419
287.9421
287.9422
287.9424
287.9426
287.9427
287.9428
287.9429
287.9431
287.951
287.952
287.953
287.954
287.955
287.956
287.957
287.958
287.959
287.961
287.9613
287.9615
287.9616
287.962
287.963
287.964
287.965
287.966
287.967
287.968
287.969
287.971
287.972
287.973
287.974
287.975
287.976
287.977
287.9775
287.9776
287.9778
287.9779
287.978
287.9781
287.9782
287.9783
287.9784
287.9785
287.9786
287.9787
287.9788
287.9789
287.979
287.9791
287.9792
287.9793
287.9797
287.9798
287.9799
287.9801
287.9802
287.9803
287.9804
287.9805
287.9806
287.9807
287.9808
287.9809
287.981
287.9811
287.9812
287.9813
287.9814
287.9815
287.9816
287.9817
287.9818
287.9819
287.982
287.9821
287.9822
287.9823
287.9824
287.9825
287.9826
287.9827
287.9828
287.9829
287.983
287.9831
287.9832
287.9833
287.9834
287.9835
287.9836
287.9837
287.9838
287.9839
287.984
287.9844
287.9845
287.9846
287.9847
287.9848
287.9849
287.985
287.9851
287.9852
287.9853
287.9854
287.9857
287.9858
287.9859
287.986
287.9861
287.9862
287.9863
287.9864
287.9865
287.9866
287.9867
287.9868
287.9869
287.987
287.9871
287.9872
287.9873
287.9874
287.9875
287.9876
287.9877
287.9878
287.9879
287.988
287.9881
287.9882
287.9883
287.9884
287.989
287.9892
287.9898
287.9902
287.9903
287.9907
287.9909
287.991
287.9917
287.9919
287.9921
287.9922
287.9923
287.9924
287.9925
287.9927
287.9928
287.9929
287.993
287.9931
287.9932
287.9933
287.9934
287.9936
287.994
287.995
287.996
287.997
287.998
287.999
350703.9
350704.7
388272.4
557722.4
652611.13
652611.49
652611.51
652611.52
652611.53
652611.54
798130.4
910265.3
941193.4
983918.3
983919.3
 
